1,1,1689.0,385.0,146.62,332.71,67.567,-1,-1,-1
2,1,1688.69,384.645,146.62,332.71,66.725,-1,-1,-1
3,2,1742.0,513.0,94.66,214.81,64.803,-1,-1,-1
4,2,1668.08,371.65,159.84,362.7,53.87,-1,-1,-1
5,2,1684.08,370.65,159.84,362.7,52.074,-1,-1,-1
6,2,1676.69,384.645,146.62,332.71,52.587,-1,-1,-1
7,2,1668.08,370.65,159.84,362.7,49.716,-1,-1,-1
8,2,1667.08,370.65,159.84,362.7,50.69,-1,-1,-1
9,2,1668.69,385.645,146.62,332.71,59.031,-1,-1,-1
9,3,1326.0,489.0,67.474,153.11,41.687,-1,-1,-1
10,2,1676.69,385.645,146.62,332.71,64.395,-1,-1,-1
10,3,1326.263,499.445,67.474,153.11,44.719,-1,-1,-1
11,2,1681.69,385.645,146.62,332.71,58.138,-1,-1,-1
12,2,1685.69,394.645,146.62,332.71,51.907,-1,-1,-1
13,2,1687.69,391.645,146.62,332.71,54.748,-1,-1,-1
14,2,1677.08,374.65,159.84,362.7,53.078,-1,-1,-1
15,2,1674.08,373.65,159.84,362.7,56.775,-1,-1,-1
15,4,1825.0,535.0,33.737,76.557,40.166,-1,-1,-1
16,2,1672.08,372.65,159.84,362.7,58.304,-1,-1,-1
16,4,1833.6385,532.3335,36.723,83.333,49.653,-1,-1,-1
16,5,1336.0,500.0,67.474,153.11,44.973,-1,-1,-1
17,2,1673.69,386.645,146.62,332.71,65.522,-1,-1,-1
17,5,1336.263,500.445,67.474,153.11,46.265,-1,-1,-1
18,2,1669.69,394.645,146.62,332.71,66.036,-1,-1,-1
18,6,-52.0,254.0,270.83,614.58,44.021,-1,-1,-1
19,2,1666.69,400.645,146.62,332.71,64.738,-1,-1,-1
19,6,-52.41499999999999,253.70999999999998,270.83,614.58,56.379,-1,-1,-1
20,2,1652.08,381.65,159.84,362.7,63.715,-1,-1,-1
20,6,-52.41499999999999,253.70999999999998,270.83,614.58,52.829,-1,-1,-1
21,2,1647.08,378.65,159.84,362.7,63.111,-1,-1,-1
21,6,-52.41499999999999,253.70999999999998,270.83,614.58,55.834,-1,-1,-1
22,2,1643.08,384.65,159.84,362.7,69.866,-1,-1,-1
22,6,-52.41499999999999,253.70999999999998,270.83,614.58,52.643,-1,-1,-1
23,2,1635.16,362.675,175.68,398.65,71.576,-1,-1,-1
23,6,-52.41499999999999,253.70999999999998,270.83,614.58,55.724,-1,-1,-1
24,2,1632.08,386.65,159.84,362.7,74.939,-1,-1,-1
24,6,-52.41499999999999,253.70999999999998,270.83,614.58,48.298,-1,-1,-1
25,2,1624.08,390.65,159.84,362.7,77.047,-1,-1,-1
26,2,1619.08,393.65,159.84,362.7,69.991,-1,-1,-1
27,2,1609.16,369.675,175.68,398.65,70.678,-1,-1,-1
28,2,1609.16,364.675,175.68,398.65,82.014,-1,-1,-1
29,2,1615.08,377.65,159.84,362.7,72.384,-1,-1,-1
30,2,1608.16,356.675,175.68,398.65,65.412,-1,-1,-1
30,7,1339.0,480.0,79.918,181.35,46.891,-1,-1,-1
31,2,1609.16,354.675,175.68,398.65,64.181,-1,-1,-1
31,7,1349.068,490.195,73.864,167.61,50.363,-1,-1,-1
32,2,1617.08,379.65,159.84,362.7,68.372,-1,-1,-1
32,7,1349.068,490.195,73.864,167.61,56.174,-1,-1,-1
33,2,1611.16,358.675,175.68,398.65,73.534,-1,-1,-1
33,7,1341.041,481.325,79.918,181.35,52.712,-1,-1,-1
33,8,1752.0,290.0,207.45,470.74,41.951,-1,-1,-1
34,2,1612.16,356.675,175.68,398.65,73.734,-1,-1,-1
34,7,1346.068,489.195,73.864,167.61,63.212,-1,-1,-1
35,2,1613.16,354.675,175.68,398.65,79.855,-1,-1,-1
35,7,1347.068,489.195,73.864,167.61,61.084,-1,-1,-1
35,9,1670.0,381.0,175.68,398.65,43.711,-1,-1,-1
36,2,1614.16,353.675,175.68,398.65,70.057,-1,-1,-1
36,7,1348.068,489.195,73.864,167.61,63.441,-1,-1,-1
36,9,1670.16,380.675,175.68,398.65,45.533,-1,-1,-1
37,2,1615.16,352.675,175.68,398.65,70.38,-1,-1,-1
37,7,1349.068,489.195,73.864,167.61,65.47,-1,-1,-1
37,9,1670.16,380.675,175.68,398.65,46.659,-1,-1,-1
38,2,1616.16,352.675,175.68,398.65,68.337,-1,-1,-1
38,7,1349.068,489.195,73.864,167.61,59.666,-1,-1,-1
38,9,1670.16,380.675,175.68,398.65,46.271,-1,-1,-1
39,2,1616.16,362.675,175.68,398.65,68.451,-1,-1,-1
39,7,1349.068,489.195,73.864,167.61,50.873,-1,-1,-1
40,2,1614.34,350.195,189.32,429.61,69.024,-1,-1,-1
40,7,1349.068,489.195,73.864,167.61,56.938,-1,-1,-1
41,2,1618.34,353.195,189.32,429.61,73.547,-1,-1,-1
41,7,1349.068,490.195,73.864,167.61,59.175,-1,-1,-1
42,2,1621.34,355.195,189.32,429.61,70.72,-1,-1,-1
42,7,1349.068,490.195,73.864,167.61,56.873,-1,-1,-1
43,2,1625.16,375.675,175.68,398.65,75.593,-1,-1,-1
43,7,1349.068,490.195,73.864,167.61,46.469,-1,-1,-1
44,2,1610.34,360.195,189.32,429.61,80.576,-1,-1,-1
44,7,1349.068,490.195,73.864,167.61,50.829,-1,-1,-1
45,2,1613.34,359.195,189.32,429.61,74.794,-1,-1,-1
45,7,1349.068,490.195,73.864,167.61,54.438,-1,-1,-1
46,2,1606.34,358.195,189.32,429.61,73.628,-1,-1,-1
46,7,1349.068,490.195,73.864,167.61,58.151,-1,-1,-1
46,10,1752.0,290.0,207.45,470.74,41.979,-1,-1,-1
47,2,1600.34,357.195,189.32,429.61,66.649,-1,-1,-1
47,7,1349.068,490.195,73.864,167.61,54.048,-1,-1,-1
47,10,1736.63,282.735,226.74,514.53,43.154,-1,-1,-1
48,2,1596.34,356.195,189.32,429.61,63.243,-1,-1,-1
48,7,1349.068,490.195,73.864,167.61,54.639,-1,-1,-1
48,10,1736.63,282.735,226.74,514.53,44.187,-1,-1,-1
49,2,1593.34,355.195,189.32,429.61,69.067,-1,-1,-1
49,7,1349.068,490.195,73.864,167.61,56.656,-1,-1,-1
49,10,1750.275,294.63,207.45,470.74,43.303,-1,-1,-1
50,2,1591.34,355.195,189.32,429.61,69.552,-1,-1,-1
50,7,1349.068,490.195,73.864,167.61,49.767,-1,-1,-1
51,2,1579.34,355.195,189.32,429.61,68.85,-1,-1,-1
51,7,1349.068,490.195,73.864,167.61,44.878,-1,-1,-1
52,2,1581.34,354.195,189.32,429.61,60.967,-1,-1,-1
52,7,1349.068,490.195,73.864,167.61,49.451,-1,-1,-1
53,2,1583.34,354.195,189.32,429.61,57.805,-1,-1,-1
53,7,1349.068,490.195,73.864,167.61,55.381,-1,-1,-1
54,2,1585.34,354.195,189.32,429.61,59.841,-1,-1,-1
54,7,1349.068,490.195,73.864,167.61,51.86,-1,-1,-1
54,11,1737.0,283.0,226.74,514.53,40.997,-1,-1,-1
55,2,1597.34,354.195,189.32,429.61,47.883,-1,-1,-1
55,7,1349.068,490.195,73.864,167.61,48.271,-1,-1,-1
55,11,1736.63,282.735,226.74,514.53,43.223,-1,-1,-1
55,12,1528.0,322.0,207.45,470.74,58.095,-1,-1,-1
56,7,1349.068,490.195,73.864,167.61,49.125,-1,-1,-1
56,11,1713.63,282.735,226.74,514.53,46.551,-1,-1,-1
56,12,1563.34,354.195,189.32,429.61,60.119,-1,-1,-1
57,7,1349.068,490.195,73.864,167.61,46.852,-1,-1,-1
57,11,1701.63,282.735,226.74,514.53,40.341,-1,-1,-1
57,12,1564.34,354.195,189.32,429.61,61.475,-1,-1,-1
57,13,579.0,522.0,135.42,307.29,42.276,-1,-1,-1
58,7,1349.068,490.195,73.864,167.61,48.833,-1,-1,-1
58,11,1719.63,282.735,226.74,514.53,48.702,-1,-1,-1
58,12,1583.34,354.195,189.32,429.61,44.318,-1,-1,-1
59,7,1349.068,490.195,73.864,167.61,50.529,-1,-1,-1
59,11,1729.63,282.735,226.74,514.53,52.273,-1,-1,-1
59,12,1611.34,354.195,189.32,429.61,41.522,-1,-1,-1
60,7,1349.068,490.195,73.864,167.61,48.119,-1,-1,-1
60,11,1716.63,282.735,226.74,514.53,49.047,-1,-1,-1
60,12,1567.275,344.63,207.45,470.74,41.755,-1,-1,-1
61,7,1349.068,490.195,73.864,167.61,46.722,-1,-1,-1
61,11,1709.63,282.735,226.74,514.53,50.716,-1,-1,-1
61,14,1554.0,514.0,123.42,280.06,53.015,-1,-1,-1
62,7,1349.068,490.195,73.864,167.61,44.681,-1,-1,-1
62,11,1704.63,282.735,226.74,514.53,53.216,-1,-1,-1
62,14,1554.29,513.97,123.42,280.06,48.648,-1,-1,-1
63,7,1348.041,482.325,79.918,181.35,47.674,-1,-1,-1
63,11,1701.63,282.735,226.74,514.53,54.974,-1,-1,-1
63,14,1523.275,353.63,207.45,470.74,57.984,-1,-1,-1
64,7,1351.068,489.195,73.864,167.61,49.373,-1,-1,-1
64,11,1699.63,282.735,226.74,514.53,49.421,-1,-1,-1
64,14,1528.275,321.63,207.45,470.74,52.384,-1,-1,-1
65,7,1351.068,489.195,73.864,167.61,52.873,-1,-1,-1
65,11,1698.63,282.735,226.74,514.53,51.194,-1,-1,-1
65,15,1567.0,542.0,113.37,257.27,63.039,-1,-1,-1
65,16,393.0,447.0,103.17,234.13,41.304,-1,-1,-1
66,7,1351.068,489.195,73.864,167.61,55.128,-1,-1,-1
66,11,1683.0,249.34500000000003,250.0,567.31,53.531,-1,-1,-1
66,15,1528.275,322.63,207.45,470.74,55.163,-1,-1,-1
67,7,1350.068,490.195,73.864,167.61,51.191,-1,-1,-1
67,11,1680.0,243.34500000000003,250.0,567.31,57.077,-1,-1,-1
67,15,1538.16,391.675,175.68,398.65,50.52,-1,-1,-1
67,17,409.0,447.0,103.17,234.13,40.889,-1,-1,-1
68,7,1350.068,490.195,73.864,167.61,52.446,-1,-1,-1
68,11,1678.0,239.34500000000003,250.0,567.31,60.132,-1,-1,-1
68,15,1532.34,366.195,189.32,429.61,52.246,-1,-1,-1
69,7,1350.068,490.195,73.864,167.61,55.577,-1,-1,-1
69,11,1677.0,236.34500000000003,250.0,567.31,56.741,-1,-1,-1
69,15,1526.275,351.63,207.45,470.74,48.02,-1,-1,-1
70,7,1350.068,490.195,73.864,167.61,57.865,-1,-1,-1
70,11,1677.0,234.34500000000003,250.0,567.31,60.489,-1,-1,-1
70,15,1527.275,354.63,207.45,470.74,44.15,-1,-1,-1
71,7,1344.041,482.325,79.918,181.35,52.208,-1,-1,-1
71,11,1677.0,233.34500000000003,250.0,567.31,51.283,-1,-1,-1
71,15,1511.275,355.63,207.45,470.74,55.605,-1,-1,-1
72,7,1347.068,489.195,73.864,167.61,60.777,-1,-1,-1
72,11,1677.0,233.34500000000003,250.0,567.31,44.7,-1,-1,-1
72,15,1502.275,355.63,207.45,470.74,48.581,-1,-1,-1
73,7,1347.068,489.195,73.864,167.61,58.908,-1,-1,-1
73,11,1677.0,233.34500000000003,250.0,567.31,47.731,-1,-1,-1
73,15,1496.275,355.63,207.45,470.74,62.77,-1,-1,-1
73,18,728.0,258.0,207.45,470.74,43.658,-1,-1,-1
74,7,1347.068,489.195,73.864,167.61,57.214,-1,-1,-1
74,11,1678.0,233.34500000000003,250.0,567.31,54.12,-1,-1,-1
74,15,1493.275,355.63,207.45,470.74,54.52,-1,-1,-1
74,19,794.0,533.0,123.42,280.06,51.346,-1,-1,-1
75,7,1348.068,490.195,73.864,167.61,55.082,-1,-1,-1
75,11,1678.0,233.34500000000003,250.0,567.31,48.682,-1,-1,-1
75,15,1504.275,355.63,207.45,470.74,53.124,-1,-1,-1
75,19,799.315,542.365,113.37,257.27,51.444,-1,-1,-1
76,7,1343.041,482.325,79.918,181.35,52.688,-1,-1,-1
76,11,1679.0,233.34500000000003,250.0,567.31,52.194,-1,-1,-1
76,15,1500.275,355.63,207.45,470.74,56.419,-1,-1,-1
76,19,753.63,326.735,226.74,514.53,48.511,-1,-1,-1
77,7,1347.068,489.195,73.864,167.61,62.12,-1,-1,-1
77,11,1681.63,267.735,226.74,514.53,55.657,-1,-1,-1
77,15,1489.63,328.735,226.74,514.53,45.91,-1,-1,-1
78,7,1342.041,481.325,79.918,181.35,60.347,-1,-1,-1
78,11,1675.63,273.735,226.74,514.53,55.654,-1,-1,-1
78,15,1489.63,324.735,226.74,514.53,52.439,-1,-1,-1
79,7,1341.041,481.325,79.918,181.35,55.981,-1,-1,-1
79,11,1654.0,259.345,250.0,567.31,50.001,-1,-1,-1
79,15,1489.63,321.735,226.74,514.53,53.253,-1,-1,-1
80,7,1345.068,489.195,73.864,167.61,59.736,-1,-1,-1
80,11,1647.0,268.345,250.0,567.31,58.485,-1,-1,-1
80,15,1489.63,319.735,226.74,514.53,73.294,-1,-1,-1
81,7,1346.068,489.195,73.864,167.61,62.027,-1,-1,-1
81,11,1642.0,274.345,250.0,567.31,52.759,-1,-1,-1
81,15,1497.275,344.63,207.45,470.74,58.096,-1,-1,-1
82,7,1347.068,489.195,73.864,167.61,57.958,-1,-1,-1
82,11,1639.0,278.345,250.0,567.31,51.195,-1,-1,-1
82,15,1476.63,320.735,226.74,514.53,61.074,-1,-1,-1
83,7,1342.041,481.325,79.918,181.35,57.241,-1,-1,-1
83,11,1651.0,280.345,250.0,567.31,52.241,-1,-1,-1
83,15,1467.63,318.735,226.74,514.53,50.539,-1,-1,-1
84,7,1341.041,481.325,79.918,181.35,52.942,-1,-1,-1
84,11,1666.275,305.63,207.45,470.74,46.907,-1,-1,-1
84,15,1461.63,317.735,226.74,514.53,51.585,-1,-1,-1
85,7,1340.041,481.325,79.918,181.35,51.109,-1,-1,-1
85,11,1661.275,287.63,207.45,470.74,49.791,-1,-1,-1
85,15,1465.275,343.63,207.45,470.74,67.638,-1,-1,-1
85,20,888.0,290.0,207.45,470.74,46.124,-1,-1,-1
86,7,1345.068,489.195,73.864,167.61,55.438,-1,-1,-1
86,11,1657.275,273.63,207.45,470.74,55.428,-1,-1,-1
86,15,1453.63,320.735,226.74,514.53,57.095,-1,-1,-1
87,7,1346.068,489.195,73.864,167.61,58.109,-1,-1,-1
87,11,1655.275,263.63,207.45,470.74,57.957,-1,-1,-1
87,15,1452.63,319.735,226.74,514.53,58.851,-1,-1,-1
87,21,920.0,290.0,207.45,470.74,45.757,-1,-1,-1
88,7,1347.068,489.195,73.864,167.61,63.693,-1,-1,-1
88,11,1653.275,256.63,207.45,470.74,63.922,-1,-1,-1
88,15,1452.63,318.735,226.74,514.53,45.413,-1,-1,-1
88,21,920.275,289.63,207.45,470.74,48.869,-1,-1,-1
89,7,1348.068,489.195,73.864,167.61,64.562,-1,-1,-1
89,11,1652.275,252.63,207.45,470.74,56.895,-1,-1,-1
89,15,1449.275,344.63,207.45,470.74,42.04,-1,-1,-1
89,21,920.275,289.63,207.45,470.74,60.469,-1,-1,-1
90,7,1343.041,481.325,79.918,181.35,52.5,-1,-1,-1
90,11,1617.585,202.70999999999998,270.83,614.58,60.753,-1,-1,-1
90,21,941.275,289.63,207.45,470.74,56.307,-1,-1,-1
91,7,1342.041,481.325,79.918,181.35,43.901,-1,-1,-1
91,11,1615.585,220.70999999999998,270.83,614.58,50.51,-1,-1,-1
91,21,952.275,289.63,207.45,470.74,63.005,-1,-1,-1
92,11,1614.585,234.70999999999998,270.83,614.58,58.734,-1,-1,-1
92,21,956.275,289.63,207.45,470.74,61.424,-1,-1,-1
93,11,1599.585,245.70999999999998,270.83,614.58,66.349,-1,-1,-1
93,21,974.275,289.63,207.45,470.74,51.96,-1,-1,-1
93,22,1432.0,385.0,207.45,470.74,55.783,-1,-1,-1
93,23,449.0,438.0,113.37,257.27,40.061,-1,-1,-1
94,11,1602.585,253.70999999999998,270.83,614.58,71.429,-1,-1,-1
94,21,985.275,289.63,207.45,470.74,62.876,-1,-1,-1
94,22,1440.69,519.645,146.62,332.71,45.9,-1,-1,-1
94,23,449.315,438.365,113.37,257.27,51.074,-1,-1,-1
95,11,1605.585,258.71,270.83,614.58,68.964,-1,-1,-1
95,21,991.275,289.63,207.45,470.74,53.688,-1,-1,-1
95,22,1439.69,519.645,146.62,332.71,45.449,-1,-1,-1
95,23,449.315,438.365,113.37,257.27,50.352,-1,-1,-1
96,11,1593.585,261.71,270.83,614.58,74.717,-1,-1,-1
96,21,1010.34,316.195,189.32,429.61,41.332,-1,-1,-1
96,22,1403.275,406.63,207.45,470.74,56.772,-1,-1,-1
96,23,449.315,438.365,113.37,257.27,43.798,-1,-1,-1
97,11,1584.585,262.71,270.83,614.58,78.528,-1,-1,-1
97,22,1400.275,384.63,207.45,470.74,45.898,-1,-1,-1
97,23,460.315,426.365,113.37,257.27,50.399,-1,-1,-1
98,11,1578.585,262.71,270.83,614.58,62.904,-1,-1,-1
98,22,1398.275,375.63,207.45,470.74,49.606,-1,-1,-1
98,23,466.315,431.365,113.37,257.27,56.28,-1,-1,-1
99,11,1574.585,261.71,270.83,614.58,57.225,-1,-1,-1
99,23,469.315,434.365,113.37,257.27,47.069,-1,-1,-1
99,24,1087.0,542.0,94.66,214.81,50.517,-1,-1,-1
100,11,1571.585,260.71,270.83,614.58,63.11,-1,-1,-1
100,23,470.315,435.365,113.37,257.27,51.112,-1,-1,-1
100,24,1091.415,525.935,103.17,234.13,52.488,-1,-1,-1
101,11,1570.585,259.71,270.83,614.58,61.005,-1,-1,-1
101,23,470.315,436.365,113.37,257.27,42.942,-1,-1,-1
101,25,1368.0,417.0,207.45,470.74,41.324,-1,-1,-1
102,11,1570.585,258.71,270.83,614.58,63.45,-1,-1,-1
103,11,1555.585,242.70999999999998,270.83,614.58,61.055,-1,-1,-1
103,26,472.0,431.0,103.17,234.13,44.606,-1,-1,-1
103,27,1353.0,353.0,226.74,514.53,40.116,-1,-1,-1
104,11,1544.585,229.70999999999998,270.83,614.58,65.902,-1,-1,-1
104,26,467.315,420.365,113.37,257.27,45.599,-1,-1,-1
105,11,1536.585,220.70999999999998,270.83,614.58,70.326,-1,-1,-1
105,26,467.315,432.365,113.37,257.27,40.23,-1,-1,-1
106,11,1530.585,213.70999999999998,270.83,614.58,67.666,-1,-1,-1
106,26,467.315,438.365,113.37,257.27,42.045,-1,-1,-1
107,11,1527.585,209.70999999999998,270.83,614.58,66.324,-1,-1,-1
107,26,467.315,440.365,113.37,257.27,49.484,-1,-1,-1
108,11,1525.585,206.70999999999998,270.83,614.58,59.456,-1,-1,-1
108,26,467.315,440.365,113.37,257.27,51.033,-1,-1,-1
109,11,1529.0,215.34500000000003,250.0,567.31,59.044,-1,-1,-1
109,26,467.315,440.365,113.37,257.27,50.806,-1,-1,-1
109,28,1164.0,335.0,135.42,307.29,42.373,-1,-1,-1
110,11,1524.0,218.34500000000003,250.0,567.31,62.092,-1,-1,-1
110,26,467.315,440.365,113.37,257.27,52.691,-1,-1,-1
111,11,1529.63,242.735,226.74,514.53,67.406,-1,-1,-1
111,26,457.29,425.97,123.42,280.06,50.278,-1,-1,-1
112,11,1524.63,241.735,226.74,514.53,61.081,-1,-1,-1
112,26,454.29,422.97,123.42,280.06,49.915,-1,-1,-1
113,11,1514.0,220.34500000000003,250.0,567.31,66.527,-1,-1,-1
113,26,452.29,420.97,123.42,280.06,59.656,-1,-1,-1
113,29,1242.0,296.0,270.83,614.58,50.206,-1,-1,-1
114,11,1496.585,201.70999999999998,270.83,614.58,58.518,-1,-1,-1
114,26,450.29,419.97,123.42,280.06,62.984,-1,-1,-1
114,29,1241.585,295.71,270.83,614.58,58.155,-1,-1,-1
115,11,1491.585,205.70999999999998,270.83,614.58,57.268,-1,-1,-1
115,26,449.29,418.97,123.42,280.06,55.214,-1,-1,-1
115,29,1241.585,295.71,270.83,614.58,54.1,-1,-1,-1
116,11,1488.585,208.70999999999998,270.83,614.58,51.995,-1,-1,-1
116,26,449.29,418.97,123.42,280.06,52.012,-1,-1,-1
116,29,1230.0,315.345,250.0,567.31,62.865,-1,-1,-1
117,11,1487.585,210.70999999999998,270.83,614.58,52.138,-1,-1,-1
117,26,449.29,418.97,123.42,280.06,50.808,-1,-1,-1
117,29,1203.585,293.71,270.83,614.58,72.269,-1,-1,-1
118,11,1486.585,212.70999999999998,270.83,614.58,51.221,-1,-1,-1
118,26,449.29,418.97,123.42,280.06,42.489,-1,-1,-1
118,29,1195.585,294.71,270.83,614.58,63.979,-1,-1,-1
119,11,1492.0,223.34500000000003,250.0,567.31,58.695,-1,-1,-1
119,26,449.29,418.97,123.42,280.06,44.152,-1,-1,-1
119,29,1188.0,315.345,250.0,567.31,66.496,-1,-1,-1
120,11,1488.0,213.34500000000003,250.0,567.31,63.669,-1,-1,-1
120,26,449.29,418.97,123.42,280.06,48.471,-1,-1,-1
120,29,1178.0,313.345,250.0,567.31,65.567,-1,-1,-1
121,11,1494.63,227.735,226.74,514.53,45.459,-1,-1,-1
121,26,449.29,418.97,123.42,280.06,54.492,-1,-1,-1
121,29,1156.585,291.71,270.83,614.58,51.996,-1,-1,-1
122,11,1469.0,196.34500000000003,250.0,567.31,52.47,-1,-1,-1
122,26,449.29,418.97,123.42,280.06,42.08,-1,-1,-1
122,29,1149.585,293.71,270.83,614.58,45.371,-1,-1,-1
123,11,1451.585,168.70999999999998,270.83,614.58,50.178,-1,-1,-1
123,26,450.29,418.97,123.42,280.06,50.765,-1,-1,-1
123,29,1146.585,294.71,270.83,614.58,41.142,-1,-1,-1
124,11,1454.0,191.34500000000003,250.0,567.31,57.537,-1,-1,-1
124,26,453.315,426.365,113.37,257.27,52.137,-1,-1,-1
124,29,1144.585,295.71,270.83,614.58,46.931,-1,-1,-1
125,11,1448.0,191.34500000000003,250.0,567.31,49.006,-1,-1,-1
125,26,449.29,415.97,123.42,280.06,50.328,-1,-1,-1
126,26,452.315,424.365,113.37,257.27,45.424,-1,-1,-1
126,30,1215.0,500.0,189.32,429.61,48.008,-1,-1,-1
127,26,441.29,413.97,123.42,280.06,46.266,-1,-1,-1
127,30,1158.585,338.71,270.83,614.58,41.644,-1,-1,-1
129,31,1158.0,338.0,270.83,614.58,47.417,-1,-1,-1
133,32,433.0,397.0,135.42,307.29,42.303,-1,-1,-1
134,32,432.29,399.97,123.42,280.06,44.98,-1,-1,-1
135,32,432.29,399.97,123.42,280.06,42.104,-1,-1,-1
137,33,1325.0,171.0,270.83,614.58,42.597,-1,-1,-1
138,33,1324.585,170.70999999999998,270.83,614.58,54.308,-1,-1,-1
138,34,433.0,397.0,135.42,307.29,42.651,-1,-1,-1
139,33,1324.585,170.70999999999998,270.83,614.58,55.049,-1,-1,-1
139,34,433.29,397.355,135.42,307.29,40.357,-1,-1,-1
140,33,1324.585,170.70999999999998,270.83,614.58,64.629,-1,-1,-1
140,34,434.29,403.97,123.42,280.06,45.113,-1,-1,-1
141,33,1324.585,170.70999999999998,270.83,614.58,54.14,-1,-1,-1
141,35,1074.0,492.0,226.74,514.53,42.44,-1,-1,-1
142,33,1301.585,170.70999999999998,270.83,614.58,50.328,-1,-1,-1
142,36,308.0,418.0,135.42,307.29,46.821,-1,-1,-1
142,37,1400.0,512.0,207.45,470.74,43.165,-1,-1,-1
143,33,1288.585,170.70999999999998,270.83,614.58,56.772,-1,-1,-1
143,37,1368.275,543.63,207.45,470.74,53.68,-1,-1,-1
143,38,989.0,429.0,250.0,567.31,45.167,-1,-1,-1
143,39,432.0,400.0,123.42,280.06,44.566,-1,-1,-1
144,33,1281.585,170.70999999999998,270.83,614.58,60.557,-1,-1,-1
144,37,1368.275,543.63,207.45,470.74,49.349,-1,-1,-1
145,33,1277.585,170.70999999999998,270.83,614.58,56.636,-1,-1,-1
145,40,432.0,400.0,123.42,280.06,42.574,-1,-1,-1
146,33,1275.585,170.70999999999998,270.83,614.58,50.535,-1,-1,-1
146,40,432.29,399.97,123.42,280.06,54.022,-1,-1,-1
147,33,1275.585,170.70999999999998,270.83,614.58,46.8,-1,-1,-1
147,40,432.29,399.97,123.42,280.06,46.385,-1,-1,-1
148,33,1259.585,170.70999999999998,270.83,614.58,40.892,-1,-1,-1
148,40,432.29,399.97,123.42,280.06,51.316,-1,-1,-1
148,41,29.0,313.0,250.0,567.31,45.76,-1,-1,-1
149,33,1248.585,170.70999999999998,270.83,614.58,43.463,-1,-1,-1
149,40,432.29,399.97,123.42,280.06,46.701,-1,-1,-1
150,40,430.29,392.355,135.42,307.29,48.152,-1,-1,-1
151,40,434.29,403.97,123.42,280.06,53.88,-1,-1,-1
152,40,430.29,394.355,135.42,307.29,46.281,-1,-1,-1
153,40,432.29,396.355,135.42,307.29,41.889,-1,-1,-1
155,42,182.0,313.0,250.0,567.31,42.661,-1,-1,-1
156,43,1806.0,521.0,36.723,83.333,45.172,-1,-1,-1
159,44,221.0,275.0,250.0,567.31,43.717,-1,-1,-1
160,44,235.63,317.735,226.74,514.53,50.826,-1,-1,-1
160,45,446.0,408.0,146.62,332.71,54.189,-1,-1,-1
161,44,247.0,306.345,250.0,567.31,44.873,-1,-1,-1
162,44,285.0,313.345,250.0,567.31,45.948,-1,-1,-1
166,46,1400.0,492.0,79.918,181.35,49.538,-1,-1,-1
167,46,1395.068,502.195,73.864,167.61,55.926,-1,-1,-1
168,46,1389.041,493.325,79.918,181.35,76.616,-1,-1,-1
169,46,1393.068,501.195,73.864,167.61,69.601,-1,-1,-1
170,46,1389.041,493.325,79.918,181.35,73.379,-1,-1,-1
171,46,1393.068,501.195,73.864,167.61,69.069,-1,-1,-1
172,46,1369.415,456.935,103.17,234.13,73.489,-1,-1,-1
172,47,1333.0,550.0,56.686,128.63,44.477,-1,-1,-1
173,46,1374.67,458.595,94.66,214.81,70.518,-1,-1,-1
173,47,1332.657,549.685,56.686,128.63,51.625,-1,-1,-1
173,48,1565.0,510.0,67.474,153.11,43.401,-1,-1,-1
174,46,1375.67,454.595,94.66,214.81,63.735,-1,-1,-1
174,47,1332.657,549.685,56.686,128.63,47.505,-1,-1,-1
174,48,1565.263,510.445,67.474,153.11,47.0,-1,-1,-1
175,46,1384.041,472.325,79.918,181.35,64.548,-1,-1,-1
175,48,1572.263,510.445,67.474,153.11,46.575,-1,-1,-1
176,46,1390.068,481.195,73.864,167.61,57.041,-1,-1,-1
176,48,1539.29,402.97,123.42,280.06,47.401,-1,-1,-1
176,49,1333.0,550.0,56.686,128.63,45.542,-1,-1,-1
177,46,1396.068,483.195,73.864,167.61,53.058,-1,-1,-1
177,48,1536.29,380.97,123.42,280.06,42.273,-1,-1,-1
178,46,1401.068,489.195,73.864,167.61,64.024,-1,-1,-1
178,48,1534.29,370.97,123.42,280.06,47.987,-1,-1,-1
178,50,1342.0,550.0,56.686,128.63,44.409,-1,-1,-1
179,46,1407.263,501.445,67.474,153.11,56.992,-1,-1,-1
179,48,1543.315,384.365,113.37,257.27,41.112,-1,-1,-1
179,50,1341.657,549.685,56.686,128.63,52.297,-1,-1,-1
180,46,1409.263,505.445,67.474,153.11,67.511,-1,-1,-1
180,48,1545.29,369.97,123.42,280.06,57.429,-1,-1,-1
180,50,1341.657,549.685,56.686,128.63,42.304,-1,-1,-1
181,46,1408.068,501.195,73.864,167.61,80.758,-1,-1,-1
181,48,1550.29,368.97,123.42,280.06,60.594,-1,-1,-1
182,46,1412.263,506.445,67.474,153.11,82.487,-1,-1,-1
182,48,1561.315,385.365,113.37,257.27,49.455,-1,-1,-1
183,46,1409.068,501.195,73.864,167.61,74.0,-1,-1,-1
183,48,1565.315,389.365,113.37,257.27,46.775,-1,-1,-1
184,46,1409.068,502.195,73.864,167.61,68.25,-1,-1,-1
184,48,1567.29,376.97,123.42,280.06,50.277,-1,-1,-1
184,51,1351.0,550.0,56.686,128.63,53.821,-1,-1,-1
185,46,1409.068,499.195,73.864,167.61,70.395,-1,-1,-1
185,48,1572.29,376.97,123.42,280.06,50.986,-1,-1,-1
185,51,1350.657,549.685,56.686,128.63,51.403,-1,-1,-1
186,46,1412.068,500.195,73.864,167.61,62.973,-1,-1,-1
186,48,1575.29,376.97,123.42,280.06,49.606,-1,-1,-1
186,51,1356.657,549.685,56.686,128.63,40.901,-1,-1,-1
187,46,1411.068,497.195,73.864,167.61,57.847,-1,-1,-1
187,48,1577.29,376.97,123.42,280.06,54.718,-1,-1,-1
187,51,1358.657,549.685,56.686,128.63,45.849,-1,-1,-1
188,46,1410.041,490.325,79.918,181.35,64.02,-1,-1,-1
188,48,1578.29,377.97,123.42,280.06,58.31,-1,-1,-1
188,51,1359.657,549.685,56.686,128.63,49.005,-1,-1,-1
188,52,47.0,246.0,175.68,398.65,59.5,-1,-1,-1
189,46,1410.081,478.34000000000003,87.838,199.32,67.59,-1,-1,-1
189,48,1578.29,378.97,123.42,280.06,48.698,-1,-1,-1
189,52,68.08,248.65,159.84,362.7,48.685,-1,-1,-1
190,46,1414.041,484.325,79.918,181.35,68.214,-1,-1,-1
190,48,1591.315,388.365,113.37,257.27,42.927,-1,-1,-1
190,53,507.0,381.0,175.68,398.65,49.981,-1,-1,-1
191,46,1413.081,474.34000000000003,87.838,199.32,65.104,-1,-1,-1
191,48,1599.415,398.935,103.17,234.13,47.998,-1,-1,-1
191,53,507.15999999999997,380.675,175.68,398.65,46.642,-1,-1,-1
192,46,1415.081,473.34000000000003,87.838,199.32,60.869,-1,-1,-1
192,48,1601.415,398.935,103.17,234.13,51.717,-1,-1,-1
193,46,1421.068,489.195,73.864,167.61,61.993,-1,-1,-1
193,48,1593.29,376.97,123.42,280.06,44.236,-1,-1,-1
194,46,1402.415,451.935,103.17,234.13,56.831,-1,-1,-1
194,48,1601.315,387.365,113.37,257.27,45.116,-1,-1,-1
194,54,1367.0,531.0,67.474,153.11,44.944,-1,-1,-1
195,46,1398.415,448.935,103.17,234.13,64.247,-1,-1,-1
195,48,1603.315,386.365,113.37,257.27,48.96,-1,-1,-1
196,46,1409.67,461.595,94.66,214.81,69.293,-1,-1,-1
196,48,1612.415,397.935,103.17,234.13,44.152,-1,-1,-1
196,55,1378.0,531.0,67.474,153.11,53.984,-1,-1,-1
197,46,1414.67,463.595,94.66,214.81,65.423,-1,-1,-1
197,48,1607.315,385.365,113.37,257.27,43.891,-1,-1,-1
197,55,1372.068,524.1949999999999,73.864,167.61,47.988,-1,-1,-1
197,56,198.0,213.0,270.83,614.58,53.44,-1,-1,-1
198,46,1418.67,465.595,94.66,214.81,73.138,-1,-1,-1
198,56,197.585,212.70999999999998,270.83,614.58,49.046,-1,-1,-1
199,46,1413.415,452.935,103.17,234.13,77.899,-1,-1,-1
199,56,225.585,240.70999999999998,270.83,614.58,55.697,-1,-1,-1
199,57,1615.0,399.0,103.17,234.13,48.387,-1,-1,-1
200,46,1420.67,464.595,94.66,214.81,84.081,-1,-1,-1
200,56,256.0,250.34500000000003,250.0,567.31,44.528,-1,-1,-1
201,46,1427.081,478.34000000000003,87.838,199.32,80.623,-1,-1,-1
201,56,297.63,280.735,226.74,514.53,41.734,-1,-1,-1
201,58,1611.0,381.0,123.42,280.06,46.512,-1,-1,-1
202,46,1429.67,470.595,94.66,214.81,66.337,-1,-1,-1
202,58,1611.29,380.97,123.42,280.06,48.462,-1,-1,-1
203,46,1433.67,470.595,94.66,214.81,66.527,-1,-1,-1
203,58,1627.415,400.935,103.17,234.13,45.076,-1,-1,-1
204,46,1436.67,470.595,94.66,214.81,59.023,-1,-1,-1
204,58,1630.415,398.935,103.17,234.13,40.456,-1,-1,-1
205,46,1437.415,455.935,103.17,234.13,72.356,-1,-1,-1
205,59,409.0,32.0,33.737,76.557,51.065,-1,-1,-1
206,46,1440.415,452.935,103.17,234.13,77.378,-1,-1,-1
206,60,1654.0,385.0,113.37,257.27,51.171,-1,-1,-1
206,61,1408.0,463.0,103.17,234.13,41.766,-1,-1,-1
207,46,1442.415,449.935,103.17,234.13,75.107,-1,-1,-1
207,60,1654.315,385.365,113.37,257.27,45.74,-1,-1,-1
208,46,1435.315,437.365,113.37,257.27,72.059,-1,-1,-1
208,60,1654.315,385.365,113.37,257.27,46.438,-1,-1,-1
209,46,1441.415,446.935,103.17,234.13,73.312,-1,-1,-1
210,46,1442.415,445.935,103.17,234.13,82.93,-1,-1,-1
210,62,633.0,354.0,189.32,429.61,51.166,-1,-1,-1
210,63,1662.0,399.0,103.17,234.13,41.23,-1,-1,-1
211,46,1442.415,445.935,103.17,234.13,76.206,-1,-1,-1
211,63,1671.315,385.365,113.37,257.27,52.065,-1,-1,-1
211,64,1472.0,463.0,103.17,234.13,49.484,-1,-1,-1
211,65,935.0,545.0,28.302,64.224,46.976,-1,-1,-1
211,66,1419.0,541.0,67.474,153.11,46.084,-1,-1,-1
212,46,1440.315,435.365,113.37,257.27,70.023,-1,-1,-1
212,63,1671.315,385.365,113.37,257.27,46.499,-1,-1,-1
212,67,559.0,273.0,146.62,332.71,51.453,-1,-1,-1
213,46,1442.315,436.365,113.37,257.27,76.788,-1,-1,-1
213,63,1671.315,385.365,113.37,257.27,55.463,-1,-1,-1
213,67,558.29,293.355,135.42,307.29,58.166,-1,-1,-1
214,46,1444.315,436.365,113.37,257.27,84.097,-1,-1,-1
214,63,1677.415,397.935,103.17,234.13,53.088,-1,-1,-1
214,67,519.0,212.34500000000003,250.0,567.31,54.66,-1,-1,-1
215,46,1445.315,436.365,113.37,257.27,84.84,-1,-1,-1
215,63,1677.415,398.935,103.17,234.13,52.719,-1,-1,-1
215,67,527.585,240.70999999999998,270.83,614.58,50.064,-1,-1,-1
215,68,955.0,460.0,135.42,307.29,46.466,-1,-1,-1
216,46,1446.315,437.365,113.37,257.27,89.303,-1,-1,-1
216,63,1677.415,398.935,103.17,234.13,57.099,-1,-1,-1
216,67,561.585,263.71,270.83,614.58,51.152,-1,-1,-1
216,68,965.69,430.645,146.62,332.71,47.657,-1,-1,-1
217,46,1446.315,437.365,113.37,257.27,90.307,-1,-1,-1
217,63,1677.415,398.935,103.17,234.13,61.208,-1,-1,-1
217,67,578.585,271.71,270.83,614.58,52.028,-1,-1,-1
217,68,974.29,454.355,135.42,307.29,47.666,-1,-1,-1
218,46,1452.315,437.365,113.37,257.27,87.092,-1,-1,-1
218,63,1677.415,398.935,103.17,234.13,55.518,-1,-1,-1
218,67,607.0,296.345,250.0,567.31,61.087,-1,-1,-1
218,69,1596.0,425.0,94.66,214.81,48.964,-1,-1,-1
219,46,1457.315,437.365,113.37,257.27,85.924,-1,-1,-1
219,63,1677.415,398.935,103.17,234.13,59.739,-1,-1,-1
219,67,617.0,295.345,250.0,567.31,68.858,-1,-1,-1
219,69,1599.415,414.935,103.17,234.13,67.459,-1,-1,-1
220,46,1461.315,437.365,113.37,257.27,89.888,-1,-1,-1
220,63,1684.415,398.935,103.17,234.13,68.132,-1,-1,-1
220,67,622.0,294.345,250.0,567.31,63.273,-1,-1,-1
220,69,1599.415,414.935,103.17,234.13,47.111,-1,-1,-1
221,46,1463.315,437.365,113.37,257.27,93.235,-1,-1,-1
221,63,1683.415,398.935,103.17,234.13,59.088,-1,-1,-1
221,67,639.0,292.345,250.0,567.31,64.911,-1,-1,-1
221,69,1599.415,414.935,103.17,234.13,42.631,-1,-1,-1
222,46,1464.315,437.365,113.37,257.27,88.537,-1,-1,-1
222,63,1682.415,398.935,103.17,234.13,58.389,-1,-1,-1
222,67,650.0,290.345,250.0,567.31,72.395,-1,-1,-1
223,46,1465.315,437.365,113.37,257.27,75.8,-1,-1,-1
223,63,1681.415,398.935,103.17,234.13,51.884,-1,-1,-1
223,67,671.0,287.345,250.0,567.31,79.974,-1,-1,-1
223,70,1146.0,363.0,146.62,332.71,42.619,-1,-1,-1
223,71,198.0,296.0,270.83,614.58,40.067,-1,-1,-1
224,46,1465.315,437.365,113.37,257.27,74.583,-1,-1,-1
224,63,1680.415,398.935,103.17,234.13,46.527,-1,-1,-1
224,67,685.0,285.345,250.0,567.31,96.367,-1,-1,-1
224,71,197.585,337.71,270.83,614.58,45.305,-1,-1,-1
224,72,536.0,290.0,207.45,470.74,42.358,-1,-1,-1
225,46,1477.415,447.935,103.17,234.13,75.705,-1,-1,-1
225,63,1680.315,386.365,113.37,257.27,53.192,-1,-1,-1
225,67,694.0,283.345,250.0,567.31,104.36,-1,-1,-1
225,71,197.585,337.71,270.83,614.58,53.212,-1,-1,-1
225,73,1461.0,541.0,67.474,153.11,44.466,-1,-1,-1
226,46,1488.67,461.595,94.66,214.81,75.206,-1,-1,-1
226,63,1695.415,398.935,103.17,234.13,54.7,-1,-1,-1
226,67,720.63,300.735,226.74,514.53,94.062,-1,-1,-1
226,71,225.585,337.71,270.83,614.58,54.11,-1,-1,-1
226,73,1471.263,541.4449999999999,67.474,153.11,48.789,-1,-1,-1
227,46,1488.415,456.935,103.17,234.13,76.271,-1,-1,-1
227,63,1702.415,398.935,103.17,234.13,54.967,-1,-1,-1
227,67,730.63,293.735,226.74,514.53,97.99,-1,-1,-1
227,71,239.585,337.71,270.83,614.58,52.06,-1,-1,-1
228,46,1496.415,459.935,103.17,234.13,87.936,-1,-1,-1
228,63,1707.415,398.935,103.17,234.13,60.688,-1,-1,-1
228,67,756.275,304.63,207.45,470.74,77.529,-1,-1,-1
228,71,245.585,313.71,270.83,614.58,63.143,-1,-1,-1
228,74,323.0,338.0,270.83,614.58,58.273,-1,-1,-1
228,75,1472.0,447.0,103.17,234.13,47.711,-1,-1,-1
228,76,1175.0,347.0,159.84,362.7,42.118,-1,-1,-1
229,46,1502.415,461.935,103.17,234.13,85.635,-1,-1,-1
229,63,1711.415,398.935,103.17,234.13,51.904,-1,-1,-1
229,67,759.63,279.735,226.74,514.53,69.417,-1,-1,-1
229,74,322.58500000000004,296.71,270.83,614.58,68.001,-1,-1,-1
229,77,1471.0,552.0,67.474,153.11,42.16,-1,-1,-1
230,46,1506.415,463.935,103.17,234.13,86.204,-1,-1,-1
230,63,1722.67,404.595,94.66,214.81,44.451,-1,-1,-1
230,67,760.0,258.345,250.0,567.31,71.527,-1,-1,-1
230,74,322.58500000000004,295.71,270.83,614.58,62.663,-1,-1,-1
230,77,1482.263,552.4449999999999,67.474,153.11,47.88,-1,-1,-1
231,46,1502.315,448.365,113.37,257.27,81.536,-1,-1,-1
231,63,1724.415,395.935,103.17,234.13,53.513,-1,-1,-1
231,67,793.275,299.63,207.45,470.74,63.458,-1,-1,-1
231,74,322.58500000000004,295.71,270.83,614.58,59.962,-1,-1,-1
231,78,407.0,338.0,270.83,614.58,43.512,-1,-1,-1
232,46,1503.315,445.365,113.37,257.27,70.853,-1,-1,-1
232,63,1728.415,396.935,103.17,234.13,65.03,-1,-1,-1
232,67,795.63,277.735,226.74,514.53,60.301,-1,-1,-1
232,74,322.58500000000004,295.71,270.83,614.58,45.317,-1,-1,-1
232,78,406.58500000000004,337.71,270.83,614.58,64.146,-1,-1,-1
233,46,1503.315,442.365,113.37,257.27,87.936,-1,-1,-1
233,63,1738.67,407.595,94.66,214.81,50.472,-1,-1,-1
233,67,797.0,258.345,250.0,567.31,49.331,-1,-1,-1
233,74,322.58500000000004,295.71,270.83,614.58,43.076,-1,-1,-1
233,78,406.58500000000004,337.71,270.83,614.58,84.531,-1,-1,-1
234,46,1502.315,440.365,113.37,257.27,94.034,-1,-1,-1
234,63,1740.415,398.935,103.17,234.13,62.142,-1,-1,-1
234,67,828.275,300.63,207.45,470.74,48.588,-1,-1,-1
234,74,322.58500000000004,295.71,270.83,614.58,44.837,-1,-1,-1
234,78,406.58500000000004,337.71,270.83,614.58,75.731,-1,-1,-1
234,79,1532.0,455.0,113.37,257.27,40.591,-1,-1,-1
235,46,1507.315,439.365,113.37,257.27,83.365,-1,-1,-1
235,63,1744.415,398.935,103.17,234.13,66.247,-1,-1,-1
235,67,830.63,279.735,226.74,514.53,66.657,-1,-1,-1
235,78,406.58500000000004,337.71,270.83,614.58,72.287,-1,-1,-1
235,80,490.0,296.0,270.83,614.58,46.983,-1,-1,-1
236,46,1511.315,438.365,113.37,257.27,70.085,-1,-1,-1
236,63,1752.415,398.935,103.17,234.13,69.253,-1,-1,-1
236,67,837.63,280.735,226.74,514.53,64.909,-1,-1,-1
236,78,406.58500000000004,313.71,270.83,614.58,63.546,-1,-1,-1
236,80,489.58500000000004,337.71,270.83,614.58,52.833,-1,-1,-1
236,81,1237.0,363.0,146.62,332.71,43.664,-1,-1,-1
237,46,1514.315,437.365,113.37,257.27,66.071,-1,-1,-1
237,63,1757.415,398.935,103.17,234.13,62.296,-1,-1,-1
237,67,854.63,280.735,226.74,514.53,48.563,-1,-1,-1
237,78,406.58500000000004,322.71,270.83,614.58,46.289,-1,-1,-1
237,80,489.58500000000004,309.71,270.83,614.58,49.497,-1,-1,-1
237,81,1236.69,362.645,146.62,332.71,47.687,-1,-1,-1
238,46,1526.415,452.935,103.17,234.13,68.583,-1,-1,-1
238,63,1760.415,398.935,103.17,234.13,55.32,-1,-1,-1
238,67,865.63,281.735,226.74,514.53,53.364,-1,-1,-1
238,80,462.58500000000004,295.71,270.83,614.58,50.615,-1,-1,-1
239,46,1535.67,469.595,94.66,214.81,67.709,-1,-1,-1
239,63,1762.415,398.935,103.17,234.13,43.305,-1,-1,-1
239,67,872.63,281.735,226.74,514.53,61.17,-1,-1,-1
239,80,502.0,310.345,250.0,567.31,61.306,-1,-1,-1
240,46,1539.67,475.595,94.66,214.81,53.325,-1,-1,-1
240,63,1757.415,398.935,103.17,234.13,48.881,-1,-1,-1
240,67,880.275,298.63,207.45,470.74,55.809,-1,-1,-1
240,80,492.58500000000004,286.71,270.83,614.58,61.779,-1,-1,-1
240,82,728.0,290.0,207.45,470.74,46.34,-1,-1,-1
240,83,1259.0,363.0,146.62,332.71,43.581,-1,-1,-1
241,46,1524.29,435.97,123.42,280.06,49.016,-1,-1,-1
241,63,1753.415,398.935,103.17,234.13,43.403,-1,-1,-1
241,67,888.275,294.63,207.45,470.74,67.811,-1,-1,-1
241,80,514.585,287.71,270.83,614.58,60.68,-1,-1,-1
241,83,1258.69,362.645,146.62,332.71,40.547,-1,-1,-1
242,46,1523.29,429.97,123.42,280.06,46.65,-1,-1,-1
242,63,1755.415,398.935,103.17,234.13,44.401,-1,-1,-1
242,67,890.63,275.735,226.74,514.53,45.924,-1,-1,-1
242,80,527.585,288.71,270.83,614.58,53.174,-1,-1,-1
243,46,1522.29,425.97,123.42,280.06,51.615,-1,-1,-1
243,63,1756.415,398.935,103.17,234.13,45.102,-1,-1,-1
243,67,911.63,277.735,226.74,514.53,43.143,-1,-1,-1
243,80,539.0,310.345,250.0,567.31,67.92,-1,-1,-1
244,46,1521.29,421.97,123.42,280.06,56.749,-1,-1,-1
244,63,1752.415,398.935,103.17,234.13,58.0,-1,-1,-1
244,67,940.275,295.63,207.45,470.74,65.539,-1,-1,-1
244,80,539.0,309.345,250.0,567.31,73.255,-1,-1,-1
244,84,616.0,296.0,270.83,614.58,54.134,-1,-1,-1
245,46,1542.67,463.595,94.66,214.81,59.667,-1,-1,-1
245,63,1754.415,398.935,103.17,234.13,59.209,-1,-1,-1
245,67,940.63,276.735,226.74,514.53,83.904,-1,-1,-1
245,80,538.0,309.345,250.0,567.31,70.094,-1,-1,-1
245,84,643.0,313.345,250.0,567.31,43.84,-1,-1,-1
246,46,1534.315,441.365,113.37,257.27,69.146,-1,-1,-1
246,63,1755.415,398.935,103.17,234.13,70.648,-1,-1,-1
246,67,970.275,295.63,207.45,470.74,92.475,-1,-1,-1
246,80,551.0,309.345,250.0,567.31,63.761,-1,-1,-1
246,84,669.0,313.345,250.0,567.31,48.659,-1,-1,-1
246,85,920.0,322.0,207.45,470.74,50.174,-1,-1,-1
246,86,1567.0,455.0,113.37,257.27,43.107,-1,-1,-1
247,46,1525.29,425.97,123.42,280.06,71.644,-1,-1,-1
247,63,1756.415,398.935,103.17,234.13,72.448,-1,-1,-1
247,67,972.63,276.735,226.74,514.53,107.3,-1,-1,-1
247,80,561.0,309.345,250.0,567.31,54.694,-1,-1,-1
247,84,682.0,313.345,250.0,567.31,61.927,-1,-1,-1
247,86,1567.315,455.365,113.37,257.27,43.579,-1,-1,-1
247,87,1282.0,363.0,146.62,332.71,47.359,-1,-1,-1
248,46,1529.29,422.97,123.42,280.06,73.64,-1,-1,-1
248,63,1762.415,398.935,103.17,234.13,61.661,-1,-1,-1
248,67,991.275,295.63,207.45,470.74,87.094,-1,-1,-1
248,80,581.63,341.735,226.74,514.53,53.913,-1,-1,-1
248,84,711.0,313.345,250.0,567.31,63.775,-1,-1,-1
249,46,1532.29,420.97,123.42,280.06,69.95,-1,-1,-1
249,63,1767.415,398.935,103.17,234.13,61.328,-1,-1,-1
249,67,997.275,304.63,207.45,470.74,72.684,-1,-1,-1
249,80,587.0,314.345,250.0,567.31,55.969,-1,-1,-1
249,84,746.0,313.345,250.0,567.31,77.742,-1,-1,-1
249,88,1214.0,385.0,146.62,332.71,48.865,-1,-1,-1
250,46,1534.29,418.97,123.42,280.06,72.206,-1,-1,-1
250,63,1771.415,398.935,103.17,234.13,73.721,-1,-1,-1
250,67,1000.63,283.735,226.74,514.53,69.785,-1,-1,-1
250,80,599.63,344.735,226.74,514.53,55.166,-1,-1,-1
250,84,745.0,313.345,250.0,567.31,66.826,-1,-1,-1
250,88,1213.69,384.645,146.62,332.71,44.271,-1,-1,-1
250,89,940.0,354.0,175.68,398.65,45.978,-1,-1,-1
251,46,1538.315,432.365,113.37,257.27,66.55,-1,-1,-1
251,63,1773.415,398.935,103.17,234.13,80.756,-1,-1,-1
251,67,1009.63,284.735,226.74,514.53,73.465,-1,-1,-1
251,80,611.63,348.735,226.74,514.53,57.948,-1,-1,-1
251,84,760.0,313.345,250.0,567.31,77.678,-1,-1,-1
251,88,1213.69,384.645,146.62,332.71,46.288,-1,-1,-1
251,90,1567.0,455.0,113.37,257.27,49.358,-1,-1,-1
252,46,1536.315,433.365,113.37,257.27,62.552,-1,-1,-1
252,63,1775.415,398.935,103.17,234.13,72.66,-1,-1,-1
252,67,1025.275,301.63,207.45,470.74,79.114,-1,-1,-1
252,80,632.63,351.735,226.74,514.53,57.3,-1,-1,-1
252,84,769.0,313.345,250.0,567.31,83.759,-1,-1,-1
252,90,1567.315,455.365,113.37,257.27,42.842,-1,-1,-1
253,46,1535.315,434.365,113.37,257.27,65.2,-1,-1,-1
253,63,1781.415,398.935,103.17,234.13,78.832,-1,-1,-1
253,67,1042.34,323.195,189.32,429.61,76.126,-1,-1,-1
253,80,647.63,353.735,226.74,514.53,52.499,-1,-1,-1
253,84,773.0,313.345,250.0,567.31,85.146,-1,-1,-1
253,90,1567.315,455.365,113.37,257.27,41.455,-1,-1,-1
254,46,1534.315,435.365,113.37,257.27,63.18,-1,-1,-1
254,63,1786.415,398.935,103.17,234.13,84.901,-1,-1,-1
254,67,1044.275,309.63,207.45,470.74,68.907,-1,-1,-1
254,84,795.63,330.735,226.74,514.53,80.466,-1,-1,-1
254,90,1569.29,439.97,123.42,280.06,43.167,-1,-1,-1
255,46,1533.315,436.365,113.37,257.27,61.936,-1,-1,-1
255,63,1789.415,398.935,103.17,234.13,73.72,-1,-1,-1
255,67,1052.275,315.63,207.45,470.74,62.137,-1,-1,-1
255,84,797.0,306.345,250.0,567.31,87.098,-1,-1,-1
256,46,1532.315,437.365,113.37,257.27,63.767,-1,-1,-1
256,63,1791.415,398.935,103.17,234.13,67.917,-1,-1,-1
256,67,1068.275,319.63,207.45,470.74,58.528,-1,-1,-1
256,84,819.0,308.345,250.0,567.31,78.4,-1,-1,-1
256,91,696.0,353.0,207.45,470.74,59.288,-1,-1,-1
257,46,1532.315,438.365,113.37,257.27,65.681,-1,-1,-1
257,63,1792.415,398.935,103.17,234.13,63.998,-1,-1,-1
257,67,1079.275,322.63,207.45,470.74,61.964,-1,-1,-1
257,84,834.0,309.345,250.0,567.31,79.155,-1,-1,-1
257,91,696.275,352.63,207.45,470.74,68.849,-1,-1,-1
258,46,1532.315,444.365,113.37,257.27,56.524,-1,-1,-1
258,63,1793.415,398.935,103.17,234.13,57.501,-1,-1,-1
258,67,1110.08,358.65,159.84,362.7,61.491,-1,-1,-1
258,84,844.0,310.345,250.0,567.31,82.184,-1,-1,-1
258,91,717.275,352.63,207.45,470.74,89.863,-1,-1,-1
259,46,1532.315,443.365,113.37,257.27,58.283,-1,-1,-1
259,63,1799.67,409.595,94.66,214.81,52.629,-1,-1,-1
259,67,1122.08,344.65,159.84,362.7,66.924,-1,-1,-1
259,84,863.0,311.345,250.0,567.31,80.833,-1,-1,-1
259,91,728.275,352.63,207.45,470.74,71.624,-1,-1,-1
260,46,1532.315,442.365,113.37,257.27,63.058,-1,-1,-1
260,63,1806.67,409.595,94.66,214.81,57.255,-1,-1,-1
260,67,1130.08,333.65,159.84,362.7,69.906,-1,-1,-1
260,84,876.0,312.345,250.0,567.31,68.837,-1,-1,-1
260,91,752.275,352.63,207.45,470.74,80.602,-1,-1,-1
261,46,1536.415,457.935,103.17,234.13,63.207,-1,-1,-1
261,63,1811.67,409.595,94.66,214.81,59.796,-1,-1,-1
261,67,1126.34,305.195,189.32,429.61,53.508,-1,-1,-1
261,84,900.63,343.735,226.74,514.53,63.008,-1,-1,-1
261,91,763.275,352.63,207.45,470.74,104.1,-1,-1,-1
261,92,1646.0,478.0,103.17,234.13,43.114,-1,-1,-1
262,46,1535.415,460.935,103.17,234.13,68.206,-1,-1,-1
262,63,1815.67,409.595,94.66,214.81,59.085,-1,-1,-1
262,67,1122.275,295.63,207.45,470.74,58.055,-1,-1,-1
262,84,921.63,347.735,226.74,514.53,58.694,-1,-1,-1
262,91,768.275,352.63,207.45,470.74,101.81,-1,-1,-1
262,93,1324.0,576.0,56.686,128.63,51.032,-1,-1,-1
263,46,1534.415,462.935,103.17,234.13,67.057,-1,-1,-1
263,63,1822.67,409.595,94.66,214.81,51.806,-1,-1,-1
263,67,1124.275,304.63,207.45,470.74,56.661,-1,-1,-1
263,84,936.63,338.735,226.74,514.53,57.9,-1,-1,-1
263,91,785.275,352.63,207.45,470.74,82.295,-1,-1,-1
263,94,1671.0,529.0,79.918,181.35,57.38,-1,-1,-1
264,46,1530.315,447.365,113.37,257.27,74.933,-1,-1,-1
264,63,1827.67,409.595,94.66,214.81,60.4,-1,-1,-1
264,67,1124.275,312.63,207.45,470.74,66.695,-1,-1,-1
264,84,930.0,312.345,250.0,567.31,67.279,-1,-1,-1
264,91,795.275,352.63,207.45,470.74,78.347,-1,-1,-1
264,94,1683.041,529.325,79.918,181.35,47.062,-1,-1,-1
265,46,1530.315,444.365,113.37,257.27,75.668,-1,-1,-1
265,63,1830.67,409.595,94.66,214.81,51.628,-1,-1,-1
265,67,1135.275,317.63,207.45,470.74,65.851,-1,-1,-1
265,84,947.63,343.735,226.74,514.53,69.141,-1,-1,-1
265,91,801.275,352.63,207.45,470.74,75.401,-1,-1,-1
265,94,1683.041,529.325,79.918,181.35,56.401,-1,-1,-1
266,46,1530.315,442.365,113.37,257.27,73.314,-1,-1,-1
266,63,1832.67,409.595,94.66,214.81,46.997,-1,-1,-1
266,67,1143.275,321.63,207.45,470.74,58.28,-1,-1,-1
266,84,974.275,361.63,207.45,470.74,61.537,-1,-1,-1
266,91,817.275,352.63,207.45,470.74,82.308,-1,-1,-1
266,94,1691.041,537.325,79.918,181.35,59.498,-1,-1,-1
267,46,1531.315,440.365,113.37,257.27,68.863,-1,-1,-1
267,67,1172.16,348.675,175.68,398.65,58.347,-1,-1,-1
267,84,974.63,331.735,226.74,514.53,75.17,-1,-1,-1
267,91,827.275,352.63,207.45,470.74,71.982,-1,-1,-1
267,94,1695.041,541.325,79.918,181.35,51.557,-1,-1,-1
268,46,1531.315,438.365,113.37,257.27,75.035,-1,-1,-1
268,67,1168.275,316.63,207.45,470.74,61.812,-1,-1,-1
268,84,980.63,325.735,226.74,514.53,67.845,-1,-1,-1
268,91,845.275,352.63,207.45,470.74,57.488,-1,-1,-1
269,46,1531.315,437.365,113.37,257.27,65.744,-1,-1,-1
269,67,1190.16,344.675,175.68,398.65,58.444,-1,-1,-1
269,84,1006.275,347.63,207.45,470.74,53.582,-1,-1,-1
269,91,866.34,366.195,189.32,429.61,55.567,-1,-1,-1
270,46,1531.315,437.365,113.37,257.27,64.827,-1,-1,-1
270,67,1180.275,313.63,207.45,470.74,62.423,-1,-1,-1
270,84,1017.275,348.63,207.45,470.74,58.015,-1,-1,-1
270,91,874.34,361.195,189.32,429.61,53.667,-1,-1,-1
270,95,1713.0,536.0,73.864,167.61,43.222,-1,-1,-1
271,46,1531.315,437.365,113.37,257.27,56.539,-1,-1,-1
271,67,1184.275,316.63,207.45,470.74,64.029,-1,-1,-1
271,84,1035.275,349.63,207.45,470.74,72.29,-1,-1,-1
271,91,881.275,343.63,207.45,470.74,55.696,-1,-1,-1
271,96,1829.0,410.0,94.66,214.81,40.119,-1,-1,-1
272,46,1537.315,437.365,113.37,257.27,59.133,-1,-1,-1
272,67,1186.275,319.63,207.45,470.74,63.958,-1,-1,-1
272,84,1048.275,350.63,207.45,470.74,66.566,-1,-1,-1
272,91,892.275,346.63,207.45,470.74,50.587,-1,-1,-1
273,46,1542.315,437.365,113.37,257.27,55.737,-1,-1,-1
273,67,1206.34,336.195,189.32,429.61,61.722,-1,-1,-1
273,84,1059.63,324.735,226.74,514.53,62.8,-1,-1,-1
273,91,907.34,373.195,189.32,429.61,51.69,-1,-1,-1
273,97,1836.0,420.0,87.838,199.32,45.681,-1,-1,-1
274,46,1565.041,485.325,79.918,181.35,64.012,-1,-1,-1
274,67,1214.34,332.195,189.32,429.61,63.106,-1,-1,-1
274,84,1082.275,347.63,207.45,470.74,77.067,-1,-1,-1
274,91,913.275,353.63,207.45,470.74,48.371,-1,-1,-1
274,97,1843.67,409.595,94.66,214.81,42.588,-1,-1,-1
275,46,1570.041,493.325,79.918,181.35,73.863,-1,-1,-1
275,67,1219.34,329.195,189.32,429.61,62.268,-1,-1,-1
275,84,1091.275,348.63,207.45,470.74,87.358,-1,-1,-1
275,91,930.34,378.195,189.32,429.61,60.75,-1,-1,-1
276,46,1573.081,487.34000000000003,87.838,199.32,71.579,-1,-1,-1
276,67,1243.69,363.645,146.62,332.71,62.132,-1,-1,-1
276,84,1095.275,349.63,207.45,470.74,86.474,-1,-1,-1
276,91,935.34,381.195,189.32,429.61,49.577,-1,-1,-1
277,46,1565.315,453.365,113.37,257.27,75.133,-1,-1,-1
277,67,1252.29,359.355,135.42,307.29,55.456,-1,-1,-1
277,84,1108.275,350.63,207.45,470.74,85.817,-1,-1,-1
277,91,930.275,359.63,207.45,470.74,42.428,-1,-1,-1
278,46,1569.315,448.365,113.37,257.27,71.032,-1,-1,-1
278,67,1254.69,339.645,146.62,332.71,56.081,-1,-1,-1
278,84,1117.275,351.63,207.45,470.74,99.887,-1,-1,-1
278,91,949.34,371.195,189.32,429.61,57.211,-1,-1,-1
279,46,1571.315,444.365,113.37,257.27,62.153,-1,-1,-1
279,67,1287.081,377.34000000000003,87.838,199.32,46.453,-1,-1,-1
279,84,1122.275,352.63,207.45,470.74,98.948,-1,-1,-1
279,91,950.275,350.63,207.45,470.74,62.235,-1,-1,-1
280,46,1596.068,501.195,73.864,167.61,62.315,-1,-1,-1
280,67,1223.275,262.63,207.45,470.74,56.873,-1,-1,-1
280,84,1136.275,353.63,207.45,470.74,107.67,-1,-1,-1
280,91,956.275,350.63,207.45,470.74,41.972,-1,-1,-1
281,46,1593.081,492.34000000000003,87.838,199.32,56.159,-1,-1,-1
281,67,1220.275,281.63,207.45,470.74,61.419,-1,-1,-1
281,84,1146.275,353.63,207.45,470.74,113.4,-1,-1,-1
281,91,976.34,365.195,189.32,429.61,40.105,-1,-1,-1
282,46,1600.041,504.325,79.918,181.35,40.356,-1,-1,-1
282,67,1217.275,296.63,207.45,470.74,56.328,-1,-1,-1
282,84,1152.275,353.63,207.45,470.74,120.87,-1,-1,-1
282,91,984.34,360.195,189.32,429.61,51.093,-1,-1,-1
283,67,1226.275,308.63,207.45,470.74,46.464,-1,-1,-1
283,84,1167.275,353.63,207.45,470.74,118.33,-1,-1,-1
283,91,999.34,356.195,189.32,429.61,52.116,-1,-1,-1
283,98,1112.0,322.0,207.45,470.74,50.025,-1,-1,-1
284,67,1232.275,316.63,207.45,470.74,44.814,-1,-1,-1
284,84,1177.275,353.63,207.45,470.74,109.36,-1,-1,-1
284,91,1018.16,373.675,175.68,398.65,69.927,-1,-1,-1
285,67,1237.275,322.63,207.45,470.74,56.413,-1,-1,-1
285,84,1183.275,353.63,207.45,470.74,91.417,-1,-1,-1
285,91,1026.16,374.675,175.68,398.65,67.211,-1,-1,-1
286,84,1206.34,367.195,189.32,429.61,88.703,-1,-1,-1
286,91,1047.08,384.65,159.84,362.7,57.039,-1,-1,-1
287,84,1208.275,347.63,207.45,470.74,72.79,-1,-1,-1
287,91,1042.34,350.195,189.32,429.61,62.162,-1,-1,-1
288,84,1215.275,348.63,207.45,470.74,83.362,-1,-1,-1
288,91,1055.16,369.675,175.68,398.65,69.069,-1,-1,-1
289,84,1219.275,349.63,207.45,470.74,74.768,-1,-1,-1
289,91,1059.16,373.675,175.68,398.65,94.468,-1,-1,-1
289,99,1272.0,322.0,207.45,470.74,62.943,-1,-1,-1
290,84,1232.275,350.63,207.45,470.74,76.406,-1,-1,-1
290,91,1060.16,376.675,175.68,398.65,85.589,-1,-1,-1
291,84,1241.275,351.63,207.45,470.74,82.307,-1,-1,-1
291,91,1060.16,378.675,175.68,398.65,94.943,-1,-1,-1
291,100,1304.0,322.0,207.45,470.74,44.693,-1,-1,-1
291,101,1516.0,400.0,123.42,280.06,40.826,-1,-1,-1
292,91,1059.16,380.675,175.68,398.65,91.394,-1,-1,-1
292,100,1273.34,354.195,189.32,429.61,93.703,-1,-1,-1
292,102,1192.0,363.0,146.62,332.71,47.373,-1,-1,-1
293,91,1067.16,381.675,175.68,398.65,90.924,-1,-1,-1
293,100,1273.34,354.195,189.32,429.61,92.213,-1,-1,-1
293,102,1191.69,362.645,146.62,332.71,51.463,-1,-1,-1
293,103,1535.0,400.0,123.42,280.06,43.145,-1,-1,-1
294,91,1073.16,381.675,175.68,398.65,85.495,-1,-1,-1
294,100,1269.275,346.63,207.45,470.74,109.17,-1,-1,-1
294,102,1191.69,362.645,146.62,332.71,67.658,-1,-1,-1
294,103,1535.29,399.97,123.42,280.06,61.002,-1,-1,-1
294,104,1643.0,371.0,159.84,362.7,41.161,-1,-1,-1
295,91,1083.08,398.65,159.84,362.7,79.073,-1,-1,-1
295,100,1294.34,361.195,189.32,429.61,97.422,-1,-1,-1
295,102,1191.69,362.645,146.62,332.71,66.243,-1,-1,-1
295,103,1527.69,381.645,146.62,332.71,41.804,-1,-1,-1
295,104,1643.08,370.65,159.84,362.7,45.685,-1,-1,-1
296,91,1078.16,371.675,175.68,398.65,74.471,-1,-1,-1
296,100,1318.34,358.195,189.32,429.61,99.31,-1,-1,-1
296,102,1191.69,362.645,146.62,332.71,86.8,-1,-1,-1
296,103,1548.315,421.365,113.37,257.27,46.966,-1,-1,-1
296,105,1638.0,569.0,52.0,118.0,44.401,-1,-1,-1
296,106,1273.0,383.0,189.32,429.61,43.374,-1,-1,-1
297,91,1094.08,390.65,159.84,362.7,79.553,-1,-1,-1
297,100,1331.34,356.195,189.32,429.61,89.555,-1,-1,-1
297,102,1204.69,362.645,146.62,332.71,68.346,-1,-1,-1
297,103,1539.29,404.97,123.42,280.06,40.34,-1,-1,-1
297,107,1643.0,371.0,159.84,362.7,40.437,-1,-1,-1
298,91,1100.08,391.65,159.84,362.7,60.173,-1,-1,-1
298,100,1338.34,355.195,189.32,429.61,103.01,-1,-1,-1
298,102,1211.69,362.645,146.62,332.71,66.767,-1,-1,-1
298,108,1638.0,569.0,52.0,118.0,43.598,-1,-1,-1
299,91,1104.08,383.65,159.84,362.7,63.279,-1,-1,-1
299,100,1341.34,354.195,189.32,429.61,100.1,-1,-1,-1
299,102,1215.69,362.645,146.62,332.71,76.918,-1,-1,-1
299,108,1646.0,569.0,52.0,118.0,44.535,-1,-1,-1
299,109,1695.0,542.0,79.918,181.35,46.784,-1,-1,-1
299,110,1554.0,400.0,123.42,280.06,42.757,-1,-1,-1
300,91,1106.08,377.65,159.84,362.7,54.478,-1,-1,-1
300,100,1342.34,353.195,189.32,429.61,86.437,-1,-1,-1
300,102,1217.69,362.645,146.62,332.71,66.27,-1,-1,-1
300,109,1708.041,542.325,79.918,181.35,57.551,-1,-1,-1
300,110,1560.29,397.355,135.42,307.29,41.769,-1,-1,-1
301,91,1107.08,382.65,159.84,362.7,60.872,-1,-1,-1
301,100,1342.34,353.195,189.32,429.61,86.727,-1,-1,-1
301,102,1208.16,339.675,175.68,398.65,46.744,-1,-1,-1
301,109,1708.041,542.325,79.918,181.35,59.161,-1,-1,-1
301,110,1558.29,403.97,123.42,280.06,42.42,-1,-1,-1
302,91,1116.08,386.65,159.84,362.7,49.785,-1,-1,-1
302,100,1353.34,353.195,189.32,429.61,82.635,-1,-1,-1
302,102,1230.69,370.645,146.62,332.71,48.6,-1,-1,-1
302,109,1708.041,542.325,79.918,181.35,56.64,-1,-1,-1
303,91,1123.08,389.65,159.84,362.7,52.011,-1,-1,-1
303,100,1360.34,353.195,189.32,429.61,68.301,-1,-1,-1
303,102,1236.69,368.645,146.62,332.71,49.886,-1,-1,-1
303,109,1708.041,542.325,79.918,181.35,55.039,-1,-1,-1
304,91,1127.08,392.65,159.84,362.7,67.7,-1,-1,-1
304,100,1364.34,353.195,189.32,429.61,60.051,-1,-1,-1
304,102,1240.69,366.645,146.62,332.71,56.388,-1,-1,-1
304,109,1708.041,542.325,79.918,181.35,43.017,-1,-1,-1
304,111,1573.0,400.0,123.42,280.06,42.997,-1,-1,-1
305,91,1130.08,394.65,159.84,362.7,85.394,-1,-1,-1
305,100,1376.16,362.675,175.68,398.65,68.811,-1,-1,-1
305,102,1242.69,365.645,146.62,332.71,56.478,-1,-1,-1
305,111,1573.29,399.97,123.42,280.06,49.435,-1,-1,-1
306,91,1131.08,395.65,159.84,362.7,77.276,-1,-1,-1
306,100,1380.34,348.195,189.32,429.61,76.638,-1,-1,-1
306,102,1251.69,364.645,146.62,332.71,68.172,-1,-1,-1
306,111,1573.29,399.97,123.42,280.06,41.193,-1,-1,-1
306,112,1708.0,542.0,79.918,181.35,50.768,-1,-1,-1
307,91,1141.08,396.65,159.84,362.7,74.017,-1,-1,-1
307,100,1388.34,350.195,189.32,429.61,80.583,-1,-1,-1
307,102,1257.69,363.645,146.62,332.71,75.166,-1,-1,-1
307,112,1708.041,542.325,79.918,181.35,48.166,-1,-1,-1
308,91,1148.08,397.65,159.84,362.7,83.879,-1,-1,-1
308,100,1393.34,351.195,189.32,429.61,76.238,-1,-1,-1
308,102,1261.69,363.645,146.62,332.71,70.115,-1,-1,-1
308,112,1708.041,542.325,79.918,181.35,48.048,-1,-1,-1
309,91,1153.08,397.65,159.84,362.7,92.35,-1,-1,-1
309,100,1396.34,352.195,189.32,429.61,75.789,-1,-1,-1
309,102,1263.69,363.645,146.62,332.71,63.857,-1,-1,-1
309,112,1708.041,542.325,79.918,181.35,66.072,-1,-1,-1
310,91,1156.08,397.65,159.84,362.7,91.885,-1,-1,-1
310,100,1397.34,353.195,189.32,429.61,75.956,-1,-1,-1
310,102,1273.69,363.645,146.62,332.71,67.345,-1,-1,-1
310,112,1708.041,542.325,79.918,181.35,67.639,-1,-1,-1
311,91,1166.08,397.65,159.84,362.7,95.099,-1,-1,-1
311,100,1397.34,353.195,189.32,429.61,76.89,-1,-1,-1
311,102,1280.69,363.645,146.62,332.71,69.708,-1,-1,-1
311,112,1708.041,542.325,79.918,181.35,67.704,-1,-1,-1
312,91,1173.08,397.65,159.84,362.7,88.764,-1,-1,-1
312,100,1418.08,390.65,159.84,362.7,83.244,-1,-1,-1
312,102,1284.69,363.645,146.62,332.71,69.479,-1,-1,-1
312,112,1708.041,542.325,79.918,181.35,66.759,-1,-1,-1
313,91,1179.69,402.645,146.62,332.71,87.157,-1,-1,-1
313,100,1422.08,393.65,159.84,362.7,76.768,-1,-1,-1
313,102,1287.69,363.645,146.62,332.71,65.121,-1,-1,-1
313,112,1708.041,542.325,79.918,181.35,68.63,-1,-1,-1
314,91,1187.69,394.645,146.62,332.71,90.289,-1,-1,-1
314,100,1425.08,395.65,159.84,362.7,72.396,-1,-1,-1
314,102,1288.69,363.645,146.62,332.71,65.867,-1,-1,-1
314,112,1708.041,542.325,79.918,181.35,77.597,-1,-1,-1
315,91,1192.69,389.645,146.62,332.71,81.729,-1,-1,-1
315,100,1415.34,360.195,189.32,429.61,72.224,-1,-1,-1
315,102,1288.69,363.645,146.62,332.71,64.75,-1,-1,-1
315,112,1708.041,542.325,79.918,181.35,59.655,-1,-1,-1
316,91,1195.69,385.645,146.62,332.71,70.621,-1,-1,-1
316,100,1426.16,377.675,175.68,398.65,81.556,-1,-1,-1
316,102,1288.69,363.645,146.62,332.71,55.153,-1,-1,-1
316,112,1708.041,542.325,79.918,181.35,60.892,-1,-1,-1
317,91,1197.69,382.645,146.62,332.71,94.647,-1,-1,-1
317,100,1429.16,369.675,175.68,398.65,76.021,-1,-1,-1
317,102,1272.08,356.65,159.84,362.7,48.821,-1,-1,-1
317,112,1708.041,542.325,79.918,181.35,67.502,-1,-1,-1
318,91,1198.69,381.645,146.62,332.71,101.42,-1,-1,-1
318,100,1431.16,373.675,175.68,398.65,78.583,-1,-1,-1
318,102,1263.69,385.645,146.62,332.71,56.492,-1,-1,-1
318,112,1708.041,542.325,79.918,181.35,69.595,-1,-1,-1
319,91,1198.69,380.645,146.62,332.71,97.185,-1,-1,-1
319,100,1444.08,393.65,159.84,362.7,91.777,-1,-1,-1
319,102,1252.08,373.65,159.84,362.7,59.757,-1,-1,-1
319,112,1708.041,542.325,79.918,181.35,45.215,-1,-1,-1
320,91,1197.69,380.645,146.62,332.71,103.6,-1,-1,-1
320,100,1435.16,367.675,175.68,398.65,98.38,-1,-1,-1
320,102,1248.69,397.645,146.62,332.71,63.883,-1,-1,-1
320,112,1667.29,449.355,135.42,307.29,42.733,-1,-1,-1
320,113,1370.0,654.0,28.302,64.224,42.955,-1,-1,-1
321,91,1204.69,380.645,146.62,332.71,99.675,-1,-1,-1
321,100,1446.08,388.65,159.84,362.7,95.357,-1,-1,-1
321,102,1248.69,404.645,146.62,332.71,52.655,-1,-1,-1
321,112,1652.69,413.645,146.62,332.71,40.61,-1,-1,-1
321,114,1169.0,408.0,146.62,332.71,60.152,-1,-1,-1
321,115,1397.0,371.0,159.84,362.7,41.11,-1,-1,-1
322,91,1209.69,381.645,146.62,332.71,96.033,-1,-1,-1
322,100,1448.08,390.65,159.84,362.7,90.363,-1,-1,-1
322,102,1249.69,409.645,146.62,332.71,62.262,-1,-1,-1
322,112,1646.69,396.645,146.62,332.71,46.135,-1,-1,-1
322,114,1168.69,407.645,146.62,332.71,42.596,-1,-1,-1
322,115,1394.69,384.645,146.62,332.71,40.748,-1,-1,-1
323,91,1213.69,382.645,146.62,332.71,93.215,-1,-1,-1
323,100,1449.08,392.65,159.84,362.7,83.572,-1,-1,-1
323,102,1250.69,412.645,146.62,332.71,55.839,-1,-1,-1
323,112,1642.69,384.645,146.62,332.71,44.131,-1,-1,-1
323,114,1168.69,407.645,146.62,332.71,41.708,-1,-1,-1
324,91,1216.08,368.65,159.84,362.7,84.22,-1,-1,-1
324,100,1437.16,367.675,175.68,398.65,91.249,-1,-1,-1
324,114,1167.29,404.355,135.42,307.29,44.087,-1,-1,-1
325,91,1222.69,383.645,146.62,332.71,71.704,-1,-1,-1
325,100,1434.16,361.675,175.68,398.65,85.782,-1,-1,-1
325,114,1150.69,384.645,146.62,332.71,48.656,-1,-1,-1
325,116,1274.0,371.0,159.84,362.7,55.19,-1,-1,-1
325,117,1584.0,438.0,113.37,257.27,53.008,-1,-1,-1
326,91,1230.69,392.645,146.62,332.71,75.757,-1,-1,-1
326,100,1431.16,357.675,175.68,398.65,87.736,-1,-1,-1
326,114,1145.69,381.645,146.62,332.71,50.879,-1,-1,-1
326,116,1281.69,384.645,146.62,332.71,43.559,-1,-1,-1
326,118,1631.0,574.0,47.794,108.46,47.121,-1,-1,-1
326,119,1671.0,542.0,79.918,181.35,44.788,-1,-1,-1
327,91,1235.69,390.645,146.62,332.71,85.426,-1,-1,-1
327,100,1429.16,354.675,175.68,398.65,95.296,-1,-1,-1
327,114,1142.69,380.645,146.62,332.71,54.152,-1,-1,-1
327,116,1297.69,384.645,146.62,332.71,45.644,-1,-1,-1
327,118,1624.103,573.77,47.794,108.46,51.721,-1,-1,-1
327,119,1642.69,385.645,146.62,332.71,55.038,-1,-1,-1
328,91,1238.69,397.645,146.62,332.71,84.922,-1,-1,-1
328,100,1440.08,370.65,159.84,362.7,92.169,-1,-1,-1
328,114,1141.69,380.645,146.62,332.71,52.372,-1,-1,-1
328,116,1289.69,384.645,146.62,332.71,54.69,-1,-1,-1
328,118,1586.315,458.365,113.37,257.27,40.49,-1,-1,-1
328,119,1673.081,502.34000000000003,87.838,199.32,53.453,-1,-1,-1
328,120,1694.0,399.0,103.17,234.13,41.628,-1,-1,-1
329,91,1240.69,394.645,146.62,332.71,83.568,-1,-1,-1
329,100,1442.08,368.65,159.84,362.7,91.68,-1,-1,-1
329,114,1143.29,393.355,135.42,307.29,49.321,-1,-1,-1
329,116,1284.69,399.645,146.62,332.71,44.639,-1,-1,-1
329,118,1587.29,420.97,123.42,280.06,46.97,-1,-1,-1
329,119,1643.69,409.645,146.62,332.71,58.168,-1,-1,-1
330,91,1241.69,391.645,146.62,332.71,82.407,-1,-1,-1
330,100,1444.08,367.65,159.84,362.7,91.479,-1,-1,-1
330,114,1140.29,393.355,135.42,307.29,50.688,-1,-1,-1
330,116,1282.69,406.645,146.62,332.71,43.644,-1,-1,-1
330,118,1591.29,410.97,123.42,280.06,50.812,-1,-1,-1
330,119,1643.69,393.645,146.62,332.71,61.659,-1,-1,-1
330,121,1495.0,396.0,159.84,362.7,43.348,-1,-1,-1
331,91,1242.08,374.65,159.84,362.7,86.197,-1,-1,-1
331,100,1438.69,382.645,146.62,332.71,55.821,-1,-1,-1
331,114,1139.29,393.355,135.42,307.29,46.391,-1,-1,-1
331,118,1593.29,407.97,123.42,280.06,65.661,-1,-1,-1
331,119,1643.69,385.645,146.62,332.71,55.109,-1,-1,-1
331,121,1463.69,407.645,146.62,332.71,90.485,-1,-1,-1
332,91,1247.08,373.65,159.84,362.7,88.336,-1,-1,-1
332,100,1429.69,382.645,146.62,332.71,43.343,-1,-1,-1
332,114,1138.29,393.355,135.42,307.29,53.567,-1,-1,-1
332,118,1593.29,406.97,123.42,280.06,72.844,-1,-1,-1
332,119,1646.29,405.355,135.42,307.29,60.02,-1,-1,-1
332,121,1462.69,407.645,146.62,332.71,89.061,-1,-1,-1
332,122,1758.0,521.0,52.0,118.0,49.54,-1,-1,-1
333,91,1251.08,372.65,159.84,362.7,88.931,-1,-1,-1
333,100,1422.69,382.645,146.62,332.71,45.567,-1,-1,-1
333,114,1135.69,381.645,146.62,332.71,57.901,-1,-1,-1
333,118,1593.29,407.97,123.42,280.06,65.678,-1,-1,-1
333,119,1644.29,409.355,135.42,307.29,60.138,-1,-1,-1
333,121,1462.69,407.645,146.62,332.71,92.615,-1,-1,-1
334,91,1253.08,371.65,159.84,362.7,92.793,-1,-1,-1
334,100,1417.69,382.645,146.62,332.71,47.146,-1,-1,-1
334,114,1141.29,394.355,135.42,307.29,53.055,-1,-1,-1
334,118,1593.29,408.97,123.42,280.06,67.745,-1,-1,-1
334,119,1641.29,428.97,123.42,280.06,76.954,-1,-1,-1
334,121,1462.69,407.645,146.62,332.71,88.969,-1,-1,-1
334,123,1327.0,385.0,146.62,332.71,43.14,-1,-1,-1
335,91,1253.69,385.645,146.62,332.71,55.44,-1,-1,-1
335,100,1414.69,382.645,146.62,332.71,40.745,-1,-1,-1
335,114,1138.69,382.645,146.62,332.71,54.708,-1,-1,-1
335,118,1585.29,393.355,135.42,307.29,79.402,-1,-1,-1
335,119,1628.29,416.355,135.42,307.29,75.073,-1,-1,-1
335,121,1462.69,407.645,146.62,332.71,85.264,-1,-1,-1
335,123,1326.69,384.645,146.62,332.71,47.638,-1,-1,-1
335,124,1282.0,408.0,146.62,332.71,100.14,-1,-1,-1
336,114,1141.69,383.645,146.62,332.71,58.704,-1,-1,-1
336,118,1584.29,401.97,123.42,280.06,64.078,-1,-1,-1
336,119,1637.29,433.97,123.42,280.06,54.356,-1,-1,-1
336,121,1462.69,407.645,146.62,332.71,84.213,-1,-1,-1
336,123,1326.69,384.645,146.62,332.71,52.595,-1,-1,-1
336,124,1281.69,407.645,146.62,332.71,107.38,-1,-1,-1
336,125,1611.0,419.0,123.42,280.06,81.617,-1,-1,-1
337,114,1146.29,396.355,135.42,307.29,58.583,-1,-1,-1
337,118,1578.29,388.355,135.42,307.29,67.268,-1,-1,-1
337,119,1627.29,420.355,135.42,307.29,72.754,-1,-1,-1
337,121,1472.69,407.645,146.62,332.71,41.882,-1,-1,-1
337,124,1281.69,392.645,146.62,332.71,102.29,-1,-1,-1
337,126,1440.0,385.0,146.62,332.71,85.091,-1,-1,-1
338,114,1145.29,396.355,135.42,307.29,56.347,-1,-1,-1
338,118,1578.29,389.355,135.42,307.29,57.197,-1,-1,-1
338,119,1624.29,420.355,135.42,307.29,67.869,-1,-1,-1
338,121,1479.69,407.645,146.62,332.71,41.914,-1,-1,-1
338,124,1297.69,384.645,146.62,332.71,110.49,-1,-1,-1
338,126,1439.69,384.645,146.62,332.71,96.725,-1,-1,-1
338,127,1259.0,408.0,146.62,332.71,46.195,-1,-1,-1
339,114,1144.29,396.355,135.42,307.29,60.903,-1,-1,-1
339,118,1579.29,390.355,135.42,307.29,64.443,-1,-1,-1
339,119,1622.29,420.355,135.42,307.29,72.291,-1,-1,-1
339,124,1305.69,381.645,146.62,332.71,127.05,-1,-1,-1
339,126,1439.69,384.645,146.62,332.71,98.999,-1,-1,-1
339,128,1706.0,403.0,113.37,257.27,41.26,-1,-1,-1
340,114,1143.29,396.355,135.42,307.29,63.457,-1,-1,-1
340,118,1582.69,379.645,146.62,332.71,72.532,-1,-1,-1
340,119,1624.69,407.645,146.62,332.71,51.062,-1,-1,-1
340,124,1308.69,380.645,146.62,332.71,124.09,-1,-1,-1
340,126,1439.69,384.645,146.62,332.71,89.125,-1,-1,-1
340,128,1724.315,403.365,113.37,257.27,42.447,-1,-1,-1
341,114,1143.29,396.355,135.42,307.29,61.684,-1,-1,-1
341,118,1594.29,402.97,123.42,280.06,56.711,-1,-1,-1
341,119,1633.29,428.97,123.42,280.06,69.919,-1,-1,-1
341,124,1309.69,380.645,146.62,332.71,125.24,-1,-1,-1
341,126,1441.08,370.65,159.84,362.7,90.311,-1,-1,-1
341,128,1727.415,403.935,103.17,234.13,59.004,-1,-1,-1
342,114,1143.29,396.355,135.42,307.29,53.504,-1,-1,-1
342,118,1601.315,415.365,113.37,257.27,47.353,-1,-1,-1
342,119,1632.29,416.355,135.42,307.29,72.905,-1,-1,-1
342,124,1320.69,381.645,146.62,332.71,120.08,-1,-1,-1
342,126,1444.69,385.645,146.62,332.71,84.283,-1,-1,-1
342,128,1726.415,398.935,103.17,234.13,41.4,-1,-1,-1
342,129,1282.0,408.0,146.62,332.71,47.314,-1,-1,-1
343,114,1140.69,384.645,146.62,332.71,53.282,-1,-1,-1
343,118,1602.29,401.97,123.42,280.06,53.043,-1,-1,-1
343,119,1642.29,425.97,123.42,280.06,79.211,-1,-1,-1
343,124,1326.69,381.645,146.62,332.71,121.72,-1,-1,-1
343,126,1442.69,385.645,146.62,332.71,81.424,-1,-1,-1
343,128,1725.415,396.935,103.17,234.13,48.768,-1,-1,-1
344,114,1142.69,384.645,146.62,332.71,62.43,-1,-1,-1
344,118,1607.315,415.365,113.37,257.27,46.647,-1,-1,-1
344,119,1640.29,413.355,135.42,307.29,82.927,-1,-1,-1
344,124,1335.29,394.355,135.42,307.29,123.7,-1,-1,-1
344,126,1452.29,407.355,135.42,307.29,82.818,-1,-1,-1
344,128,1734.415,405.935,103.17,234.13,41.583,-1,-1,-1
345,114,1144.69,384.645,146.62,332.71,63.566,-1,-1,-1
345,118,1610.67,437.595,94.66,214.81,47.578,-1,-1,-1
345,119,1642.29,414.355,135.42,307.29,79.219,-1,-1,-1
345,124,1336.29,394.355,135.42,307.29,122.83,-1,-1,-1
345,126,1454.29,413.355,135.42,307.29,80.294,-1,-1,-1
346,114,1145.69,384.645,146.62,332.71,60.667,-1,-1,-1
346,118,1603.415,428.935,103.17,234.13,44.287,-1,-1,-1
346,119,1651.29,415.355,135.42,307.29,72.448,-1,-1,-1
346,124,1337.29,395.355,135.42,307.29,124.12,-1,-1,-1
346,126,1455.69,396.645,146.62,332.71,83.401,-1,-1,-1
347,114,1146.69,384.645,146.62,332.71,52.282,-1,-1,-1
347,118,1601.415,429.935,103.17,234.13,53.992,-1,-1,-1
347,119,1658.29,416.355,135.42,307.29,68.972,-1,-1,-1
347,124,1346.29,411.97,123.42,280.06,113.22,-1,-1,-1
347,126,1460.69,392.645,146.62,332.71,91.018,-1,-1,-1
348,114,1138.69,384.645,146.62,332.71,57.062,-1,-1,-1
348,118,1600.415,430.935,103.17,234.13,51.29,-1,-1,-1
348,119,1651.69,396.645,146.62,332.71,73.957,-1,-1,-1
348,124,1338.29,398.355,135.42,307.29,119.33,-1,-1,-1
348,126,1464.29,410.355,135.42,307.29,96.954,-1,-1,-1
348,130,1372.0,418.0,135.42,307.29,51.816,-1,-1,-1
348,131,1774.0,529.0,52.0,118.0,41.209,-1,-1,-1
349,114,1132.69,384.645,146.62,332.71,53.591,-1,-1,-1
349,118,1599.415,430.935,103.17,234.13,53.824,-1,-1,-1
349,119,1661.29,411.355,135.42,307.29,73.332,-1,-1,-1
349,124,1344.29,405.355,135.42,307.29,124.24,-1,-1,-1
349,126,1461.69,393.645,146.62,332.71,98.908,-1,-1,-1
349,131,1706.29,397.355,135.42,307.29,43.326,-1,-1,-1
350,114,1128.69,384.645,146.62,332.71,53.724,-1,-1,-1
350,118,1606.081,443.34000000000003,87.838,199.32,45.308,-1,-1,-1
350,119,1664.29,406.355,135.42,307.29,79.661,-1,-1,-1
350,124,1348.29,403.355,135.42,307.29,116.98,-1,-1,-1
350,126,1463.69,390.645,146.62,332.71,106.14,-1,-1,-1
350,132,1782.0,529.0,52.0,118.0,41.885,-1,-1,-1
351,114,1125.69,384.645,146.62,332.71,58.247,-1,-1,-1
351,118,1596.315,416.365,113.37,257.27,41.039,-1,-1,-1
351,119,1666.29,402.355,135.42,307.29,77.627,-1,-1,-1
351,124,1351.29,401.355,135.42,307.29,119.08,-1,-1,-1
351,126,1464.69,388.645,146.62,332.71,107.27,-1,-1,-1
351,132,1782.0,529.0,52.0,118.0,45.833,-1,-1,-1
352,114,1123.69,384.645,146.62,332.71,52.674,-1,-1,-1
352,118,1612.67,432.595,94.66,214.81,49.771,-1,-1,-1
352,119,1664.69,386.645,146.62,332.71,106.69,-1,-1,-1
352,124,1353.29,400.355,135.42,307.29,102.05,-1,-1,-1
352,126,1465.69,386.645,146.62,332.71,102.38,-1,-1,-1
353,114,1121.69,384.645,146.62,332.71,53.749,-1,-1,-1
353,118,1618.67,429.595,94.66,214.81,49.464,-1,-1,-1
353,119,1667.69,384.645,146.62,332.71,101.29,-1,-1,-1
353,124,1354.29,399.355,135.42,307.29,101.02,-1,-1,-1
353,126,1474.29,398.355,135.42,307.29,103.95,-1,-1,-1
354,114,1112.69,384.645,146.62,332.71,55.94,-1,-1,-1
354,118,1616.415,422.935,103.17,234.13,42.811,-1,-1,-1
354,119,1668.69,383.645,146.62,332.71,100.31,-1,-1,-1
354,124,1355.29,398.355,135.42,307.29,81.315,-1,-1,-1
354,126,1476.29,397.355,135.42,307.29,95.735,-1,-1,-1
355,114,1114.69,384.645,146.62,332.71,53.191,-1,-1,-1
355,119,1669.69,382.645,146.62,332.71,93.693,-1,-1,-1
355,124,1362.29,397.355,135.42,307.29,96.491,-1,-1,-1
355,126,1478.29,396.355,135.42,307.29,99.51,-1,-1,-1
356,114,1107.69,384.645,146.62,332.71,53.985,-1,-1,-1
356,119,1677.69,382.645,146.62,332.71,99.027,-1,-1,-1
356,124,1368.29,397.355,135.42,307.29,107.58,-1,-1,-1
356,126,1479.29,396.355,135.42,307.29,99.043,-1,-1,-1
356,133,1643.0,408.0,146.62,332.71,46.96,-1,-1,-1
357,114,1102.69,384.645,146.62,332.71,54.373,-1,-1,-1
357,119,1684.69,382.645,146.62,332.71,99.706,-1,-1,-1
357,124,1372.29,397.355,135.42,307.29,117.83,-1,-1,-1
357,126,1478.69,383.645,146.62,332.71,100.96,-1,-1,-1
357,133,1642.69,407.645,146.62,332.71,45.695,-1,-1,-1
358,114,1096.08,370.65,159.84,362.7,51.825,-1,-1,-1
358,119,1688.69,382.645,146.62,332.71,97.648,-1,-1,-1
358,124,1374.29,397.355,135.42,307.29,103.42,-1,-1,-1
358,126,1482.69,383.645,146.62,332.71,98.936,-1,-1,-1
358,134,1440.0,408.0,146.62,332.71,48.682,-1,-1,-1
359,114,1096.08,370.65,159.84,362.7,51.214,-1,-1,-1
359,119,1691.69,382.645,146.62,332.71,83.833,-1,-1,-1
359,124,1375.29,397.355,135.42,307.29,98.238,-1,-1,-1
359,126,1485.69,383.645,146.62,332.71,107.98,-1,-1,-1
359,134,1414.29,418.355,135.42,307.29,46.569,-1,-1,-1
359,135,1630.0,431.0,103.17,234.13,45.583,-1,-1,-1
360,114,1097.08,370.65,159.84,362.7,54.845,-1,-1,-1
360,119,1703.29,395.355,135.42,307.29,79.857,-1,-1,-1
360,124,1383.29,397.355,135.42,307.29,97.852,-1,-1,-1
360,126,1487.69,383.645,146.62,332.71,92.989,-1,-1,-1
360,134,1428.29,418.355,135.42,307.29,40.688,-1,-1,-1
360,135,1663.29,417.355,135.42,307.29,52.041,-1,-1,-1
360,136,1748.0,418.0,135.42,307.29,42.406,-1,-1,-1
361,114,1101.69,385.645,146.62,332.71,54.42,-1,-1,-1
361,119,1707.29,395.355,135.42,307.29,92.519,-1,-1,-1
361,124,1389.29,397.355,135.42,307.29,95.525,-1,-1,-1
361,126,1496.29,396.355,135.42,307.29,88.21,-1,-1,-1
361,134,1449.29,418.355,135.42,307.29,50.034,-1,-1,-1
361,135,1664.29,417.355,135.42,307.29,43.8,-1,-1,-1
361,136,1748.29,418.355,135.42,307.29,49.773,-1,-1,-1
362,114,1100.69,385.645,146.62,332.71,56.047,-1,-1,-1
362,119,1709.29,396.355,135.42,307.29,92.681,-1,-1,-1
362,124,1393.29,397.355,135.42,307.29,93.165,-1,-1,-1
362,126,1498.29,396.355,135.42,307.29,79.42,-1,-1,-1
362,135,1664.67,447.595,94.66,214.81,43.476,-1,-1,-1
362,136,1748.29,418.355,135.42,307.29,56.485,-1,-1,-1
362,137,1554.0,400.0,123.42,280.06,42.047,-1,-1,-1
363,114,1099.69,385.645,146.62,332.71,55.301,-1,-1,-1
363,119,1708.69,383.645,146.62,332.71,86.686,-1,-1,-1
363,124,1396.29,397.355,135.42,307.29,75.929,-1,-1,-1
363,126,1499.29,396.355,135.42,307.29,76.648,-1,-1,-1
363,135,1647.415,430.935,103.17,234.13,47.831,-1,-1,-1
364,114,1095.08,370.65,159.84,362.7,50.156,-1,-1,-1
364,119,1712.69,384.645,146.62,332.71,84.997,-1,-1,-1
364,124,1411.29,413.97,123.42,280.06,77.303,-1,-1,-1
364,126,1500.69,384.645,146.62,332.71,85.442,-1,-1,-1
364,135,1642.415,427.935,103.17,234.13,45.485,-1,-1,-1
365,114,1097.08,370.65,159.84,362.7,56.07,-1,-1,-1
365,119,1722.69,384.645,146.62,332.71,93.603,-1,-1,-1
365,124,1412.29,399.355,135.42,307.29,95.953,-1,-1,-1
365,126,1512.29,397.355,135.42,307.29,85.919,-1,-1,-1
365,135,1637.08,364.65,159.84,362.7,44.201,-1,-1,-1
366,114,1099.08,370.65,159.84,362.7,52.814,-1,-1,-1
366,119,1730.69,384.645,146.62,332.71,84.043,-1,-1,-1
366,124,1416.29,398.355,135.42,307.29,93.519,-1,-1,-1
366,126,1517.29,397.355,135.42,307.29,88.099,-1,-1,-1
366,135,1664.415,427.935,103.17,234.13,44.799,-1,-1,-1
366,138,70.0,552.0,67.474,153.11,44.492,-1,-1,-1
366,139,1477.0,418.0,135.42,307.29,43.46,-1,-1,-1
367,114,1100.08,370.65,159.84,362.7,45.29,-1,-1,-1
367,119,1735.69,384.645,146.62,332.71,101.79,-1,-1,-1
367,124,1426.29,397.355,135.42,307.29,87.744,-1,-1,-1
367,126,1520.29,397.355,135.42,307.29,93.196,-1,-1,-1
367,135,1650.08,364.65,159.84,362.7,44.932,-1,-1,-1
368,114,1101.08,370.65,159.84,362.7,52.439,-1,-1,-1
368,119,1738.69,384.645,146.62,332.71,84.008,-1,-1,-1
368,124,1433.29,397.355,135.42,307.29,103.52,-1,-1,-1
368,126,1529.29,397.355,135.42,307.29,91.007,-1,-1,-1
368,135,1680.415,421.935,103.17,234.13,44.309,-1,-1,-1
368,140,1497.0,418.0,135.42,307.29,54.317,-1,-1,-1
369,114,1087.16,353.675,175.68,398.65,70.783,-1,-1,-1
369,119,1748.69,384.645,146.62,332.71,80.496,-1,-1,-1
369,124,1438.29,397.355,135.42,307.29,110.84,-1,-1,-1
369,126,1536.29,397.355,135.42,307.29,98.524,-1,-1,-1
369,140,1497.29,418.355,135.42,307.29,45.951,-1,-1,-1
369,141,186.0,619.0,28.302,64.224,43.487,-1,-1,-1
370,114,1082.16,353.675,175.68,398.65,79.485,-1,-1,-1
370,119,1755.69,384.645,146.62,332.71,82.511,-1,-1,-1
370,124,1441.29,397.355,135.42,307.29,109.3,-1,-1,-1
370,126,1540.29,397.355,135.42,307.29,109.24,-1,-1,-1
370,142,1581.0,376.0,135.42,307.29,45.626,-1,-1,-1
370,143,1678.0,415.0,103.17,234.13,40.684,-1,-1,-1
371,114,1078.16,353.675,175.68,398.65,71.483,-1,-1,-1
371,119,1759.69,384.645,146.62,332.71,79.642,-1,-1,-1
371,124,1442.29,397.355,135.42,307.29,101.94,-1,-1,-1
371,126,1543.29,397.355,135.42,307.29,97.232,-1,-1,-1
371,142,1581.29,376.355,135.42,307.29,50.97,-1,-1,-1
372,114,1069.34,344.195,189.32,429.61,66.286,-1,-1,-1
372,119,1761.69,384.645,146.62,332.71,72.129,-1,-1,-1
372,124,1448.29,413.97,123.42,280.06,97.619,-1,-1,-1
372,126,1552.29,397.355,135.42,307.29,88.135,-1,-1,-1
373,114,1068.34,348.195,189.32,429.61,65.98,-1,-1,-1
373,119,1770.69,384.645,146.62,332.71,68.904,-1,-1,-1
373,124,1454.29,415.97,123.42,280.06,98.484,-1,-1,-1
373,126,1558.29,397.355,135.42,307.29,98.93,-1,-1,-1
374,114,1067.34,352.195,189.32,429.61,66.269,-1,-1,-1
374,119,1777.69,384.645,146.62,332.71,62.225,-1,-1,-1
374,124,1458.29,417.97,123.42,280.06,111.63,-1,-1,-1
374,126,1562.29,397.355,135.42,307.29,112.15,-1,-1,-1
375,114,1063.16,373.675,175.68,398.65,63.146,-1,-1,-1
375,119,1782.69,384.645,146.62,332.71,53.723,-1,-1,-1
375,124,1461.29,418.97,123.42,280.06,121.33,-1,-1,-1
375,126,1572.29,397.355,135.42,307.29,104.55,-1,-1,-1
376,114,1055.16,378.675,175.68,398.65,58.44,-1,-1,-1
376,119,1784.69,384.645,146.62,332.71,49.011,-1,-1,-1
376,124,1463.29,419.97,123.42,280.06,123.59,-1,-1,-1
376,126,1579.29,397.355,135.42,307.29,106.05,-1,-1,-1
377,114,1042.34,362.195,189.32,429.61,66.671,-1,-1,-1
377,119,1793.69,384.645,146.62,332.71,46.979,-1,-1,-1
377,124,1464.29,419.97,123.42,280.06,108.12,-1,-1,-1
377,126,1584.29,397.355,135.42,307.29,110.36,-1,-1,-1
378,114,1038.34,361.195,189.32,429.61,73.203,-1,-1,-1
378,124,1464.29,419.97,123.42,280.06,100.9,-1,-1,-1
378,126,1587.29,397.355,135.42,307.29,102.5,-1,-1,-1
379,114,1036.34,360.195,189.32,429.61,68.365,-1,-1,-1
379,124,1468.315,427.365,113.37,257.27,102.91,-1,-1,-1
379,126,1596.29,406.97,123.42,280.06,102.86,-1,-1,-1
379,144,1706.0,385.0,113.37,257.27,41.339,-1,-1,-1
380,114,1035.34,358.195,189.32,429.61,63.873,-1,-1,-1
380,124,1473.315,424.365,113.37,257.27,102.63,-1,-1,-1
380,126,1598.29,403.97,123.42,280.06,95.188,-1,-1,-1
380,144,1710.415,414.935,103.17,234.13,42.861,-1,-1,-1
381,114,1020.275,332.63,207.45,470.74,64.615,-1,-1,-1
381,124,1476.315,422.365,113.37,257.27,114.77,-1,-1,-1
381,126,1599.29,408.97,123.42,280.06,101.33,-1,-1,-1
381,144,1705.315,391.365,113.37,257.27,40.935,-1,-1,-1
381,145,1630.0,400.0,123.42,280.06,51.056,-1,-1,-1
382,114,1016.275,328.63,207.45,470.74,68.788,-1,-1,-1
382,124,1479.315,420.365,113.37,257.27,99.133,-1,-1,-1
382,126,1606.29,405.97,123.42,280.06,87.708,-1,-1,-1
382,145,1667.29,399.97,123.42,280.06,42.051,-1,-1,-1
382,146,1769.0,456.0,79.918,181.35,47.608,-1,-1,-1
383,114,1013.275,325.63,207.45,470.74,71.774,-1,-1,-1
383,124,1480.315,419.365,113.37,257.27,94.743,-1,-1,-1
383,126,1610.29,403.97,123.42,280.06,84.249,-1,-1,-1
383,145,1668.29,399.97,123.42,280.06,40.442,-1,-1,-1
383,146,1768.081,447.34000000000003,87.838,199.32,52.053,-1,-1,-1
384,114,1012.275,322.63,207.45,470.74,63.701,-1,-1,-1
384,124,1481.315,418.365,113.37,257.27,98.039,-1,-1,-1
384,126,1613.29,401.97,123.42,280.06,69.682,-1,-1,-1
384,146,1768.081,447.34000000000003,87.838,199.32,53.725,-1,-1,-1
385,114,1015.34,346.195,189.32,429.61,56.716,-1,-1,-1
385,124,1478.29,403.97,123.42,280.06,103.37,-1,-1,-1
385,126,1621.315,415.365,113.37,257.27,70.938,-1,-1,-1
385,146,1768.081,447.34000000000003,87.838,199.32,56.903,-1,-1,-1
385,147,1668.0,400.0,123.42,280.06,47.231,-1,-1,-1
386,114,1019.16,358.675,175.68,398.65,51.761,-1,-1,-1
386,124,1479.29,401.97,123.42,280.06,104.82,-1,-1,-1
386,126,1623.315,416.365,113.37,257.27,76.074,-1,-1,-1
386,147,1668.29,399.97,123.42,280.06,43.633,-1,-1,-1
387,114,994.275,321.63,207.45,470.74,50.108,-1,-1,-1
387,124,1480.29,399.97,123.42,280.06,107.48,-1,-1,-1
387,126,1624.29,402.97,123.42,280.06,80.669,-1,-1,-1
388,114,987.275,320.63,207.45,470.74,59.4,-1,-1,-1
388,124,1490.315,413.365,113.37,257.27,113.45,-1,-1,-1
388,126,1629.29,401.97,123.42,280.06,93.024,-1,-1,-1
389,114,982.275,320.63,207.45,470.74,54.079,-1,-1,-1
389,124,1494.315,415.365,113.37,257.27,108.98,-1,-1,-1
389,126,1632.29,400.97,123.42,280.06,87.533,-1,-1,-1
389,148,458.0,354.0,189.32,429.61,43.886,-1,-1,-1
389,149,1668.0,419.0,123.42,280.06,40.828,-1,-1,-1
390,114,979.275,320.63,207.45,470.74,53.779,-1,-1,-1
390,124,1497.315,416.365,113.37,257.27,110.01,-1,-1,-1
390,126,1639.315,414.365,113.37,257.27,97.126,-1,-1,-1
390,149,1687.29,399.97,123.42,280.06,52.636,-1,-1,-1
391,114,978.275,320.63,207.45,470.74,54.288,-1,-1,-1
391,124,1495.29,402.97,123.42,280.06,109.39,-1,-1,-1
391,126,1635.29,408.97,123.42,280.06,104.48,-1,-1,-1
391,149,1674.29,399.97,123.42,280.06,76.57,-1,-1,-1
392,114,978.275,320.63,207.45,470.74,53.162,-1,-1,-1
392,124,1507.315,416.365,113.37,257.27,119.5,-1,-1,-1
392,126,1628.29,412.97,123.42,280.06,52.419,-1,-1,-1
392,149,1655.29,399.97,123.42,280.06,100.92,-1,-1,-1
393,114,978.275,320.63,207.45,470.74,54.972,-1,-1,-1
393,124,1512.315,417.365,113.37,257.27,114.82,-1,-1,-1
393,126,1622.29,415.97,123.42,280.06,57.266,-1,-1,-1
393,149,1646.29,399.97,123.42,280.06,107.57,-1,-1,-1
393,150,1706.0,400.0,123.42,280.06,47.07,-1,-1,-1
393,151,1804.0,468.0,73.864,167.61,45.315,-1,-1,-1
394,114,967.275,320.63,207.45,470.74,59.801,-1,-1,-1
394,124,1515.315,418.365,113.37,257.27,110.98,-1,-1,-1
394,149,1643.29,399.97,123.42,280.06,98.794,-1,-1,-1
394,150,1687.29,380.97,123.42,280.06,45.033,-1,-1,-1
394,152,536.0,322.0,207.45,470.74,40.303,-1,-1,-1
395,114,959.275,320.63,207.45,470.74,73.977,-1,-1,-1
395,124,1528.415,430.935,103.17,234.13,94.313,-1,-1,-1
395,149,1632.29,409.97,123.42,280.06,41.83,-1,-1,-1
395,150,1674.29,393.97,123.42,280.06,92.073,-1,-1,-1
395,153,1823.0,484.0,61.514,139.59,42.123,-1,-1,-1
395,154,684.0,556.0,33.737,76.557,41.712,-1,-1,-1
396,114,953.275,320.63,207.45,470.74,69.912,-1,-1,-1
396,124,1529.315,420.365,113.37,257.27,95.208,-1,-1,-1
396,150,1668.29,399.97,123.42,280.06,91.275,-1,-1,-1
396,155,1166.0,456.0,79.918,181.35,42.664,-1,-1,-1
397,114,936.63,305.735,226.74,514.53,70.988,-1,-1,-1
397,124,1537.415,431.935,103.17,234.13,94.873,-1,-1,-1
397,150,1665.29,401.97,123.42,280.06,87.449,-1,-1,-1
398,114,919.63,310.735,226.74,514.53,75.333,-1,-1,-1
398,124,1539.415,431.935,103.17,234.13,104.26,-1,-1,-1
398,150,1664.29,402.97,123.42,280.06,91.303,-1,-1,-1
398,156,568.0,290.0,207.45,470.74,41.851,-1,-1,-1
399,114,906.63,314.735,226.74,514.53,82.119,-1,-1,-1
399,124,1546.415,431.935,103.17,234.13,120.37,-1,-1,-1
399,150,1664.29,402.97,123.42,280.06,102.43,-1,-1,-1
400,114,897.63,317.735,226.74,514.53,74.062,-1,-1,-1
400,124,1551.415,431.935,103.17,234.13,119.76,-1,-1,-1
400,150,1673.29,402.97,123.42,280.06,90.479,-1,-1,-1
400,157,600.0,322.0,207.45,470.74,54.634,-1,-1,-1
401,114,892.63,319.735,226.74,514.53,68.533,-1,-1,-1
401,124,1554.415,431.935,103.17,234.13,107.53,-1,-1,-1
401,150,1679.29,402.97,123.42,280.06,89.85,-1,-1,-1
401,158,1838.0,538.0,40.123,91.049,41.25,-1,-1,-1
402,114,876.63,320.735,226.74,514.53,50.757,-1,-1,-1
402,124,1556.415,431.935,103.17,234.13,103.06,-1,-1,-1
402,150,1683.29,402.97,123.42,280.06,98.348,-1,-1,-1
403,114,865.63,321.735,226.74,514.53,58.687,-1,-1,-1
403,124,1562.415,431.935,103.17,234.13,98.778,-1,-1,-1
403,150,1686.29,401.97,123.42,280.06,87.634,-1,-1,-1
403,159,1535.0,415.0,103.17,234.13,53.182,-1,-1,-1
404,114,858.63,321.735,226.74,514.53,62.699,-1,-1,-1
404,124,1566.415,431.935,103.17,234.13,104.38,-1,-1,-1
404,150,1688.29,401.97,123.42,280.06,88.918,-1,-1,-1
404,159,1535.415,414.935,103.17,234.13,46.307,-1,-1,-1
404,160,662.0,325.0,189.32,429.61,40.273,-1,-1,-1
405,114,854.63,321.735,226.74,514.53,81.904,-1,-1,-1
405,124,1569.415,431.935,103.17,234.13,105.7,-1,-1,-1
405,150,1696.29,401.97,123.42,280.06,83.003,-1,-1,-1
405,161,1668.0,419.0,123.42,280.06,40.826,-1,-1,-1
406,114,852.63,320.735,226.74,514.53,77.379,-1,-1,-1
406,124,1571.415,431.935,103.17,234.13,103.16,-1,-1,-1
406,150,1702.29,400.97,123.42,280.06,91.38,-1,-1,-1
406,162,696.0,327.0,175.68,398.65,40.295,-1,-1,-1
407,114,839.63,320.735,226.74,514.53,61.75,-1,-1,-1
407,124,1577.415,431.935,103.17,234.13,104.83,-1,-1,-1
407,150,1706.29,400.97,123.42,280.06,83.106,-1,-1,-1
407,163,1759.0,403.0,113.37,257.27,47.273,-1,-1,-1
408,114,825.0,287.345,250.0,567.31,56.117,-1,-1,-1
408,124,1582.415,431.935,103.17,234.13,109.28,-1,-1,-1
408,150,1712.315,415.365,113.37,257.27,75.998,-1,-1,-1
408,163,1741.315,403.365,113.37,257.27,59.61,-1,-1,-1
408,164,1230.0,457.0,52.0,118.0,48.258,-1,-1,-1
408,165,1776.0,385.0,113.37,257.27,47.355,-1,-1,-1
408,166,1678.0,465.0,52.0,118.0,41.228,-1,-1,-1
409,114,824.0,282.345,250.0,567.31,43.874,-1,-1,-1
409,124,1585.415,431.935,103.17,234.13,96.094,-1,-1,-1
409,150,1712.315,417.365,113.37,257.27,76.43,-1,-1,-1
409,163,1741.315,403.365,113.37,257.27,67.027,-1,-1,-1
409,165,1776.315,385.365,113.37,257.27,61.346,-1,-1,-1
409,166,1675.103,470.77,47.794,108.46,44.587,-1,-1,-1
410,114,816.63,310.735,226.74,514.53,53.286,-1,-1,-1
410,124,1592.415,431.935,103.17,234.13,108.58,-1,-1,-1
410,150,1711.315,419.365,113.37,257.27,83.827,-1,-1,-1
410,163,1753.315,403.365,113.37,257.27,67.149,-1,-1,-1
411,114,802.63,312.735,226.74,514.53,61.955,-1,-1,-1
411,124,1597.415,431.935,103.17,234.13,111.88,-1,-1,-1
411,150,1710.315,420.365,113.37,257.27,88.043,-1,-1,-1
411,163,1759.315,403.365,113.37,257.27,70.767,-1,-1,-1
412,114,793.63,314.735,226.74,514.53,67.205,-1,-1,-1
412,124,1601.415,431.935,103.17,234.13,96.869,-1,-1,-1
412,150,1709.315,421.365,113.37,257.27,85.664,-1,-1,-1
412,163,1761.315,403.365,113.37,257.27,63.242,-1,-1,-1
412,167,1630.0,415.0,103.17,234.13,41.338,-1,-1,-1
413,114,787.63,315.735,226.74,514.53,70.118,-1,-1,-1
413,124,1609.415,431.935,103.17,234.13,90.341,-1,-1,-1
413,150,1712.29,406.97,123.42,280.06,78.55,-1,-1,-1
414,114,784.63,316.735,226.74,514.53,74.885,-1,-1,-1
414,124,1614.415,431.935,103.17,234.13,87.06,-1,-1,-1
414,150,1721.315,419.365,113.37,257.27,85.513,-1,-1,-1
414,168,1759.0,403.0,113.37,257.27,54.164,-1,-1,-1
415,114,783.63,317.735,226.74,514.53,58.067,-1,-1,-1
415,124,1618.415,431.935,103.17,234.13,110.98,-1,-1,-1
415,150,1724.315,419.365,113.37,257.27,107.28,-1,-1,-1
415,168,1776.315,403.365,113.37,257.27,57.579,-1,-1,-1
416,114,763.0,286.345,250.0,567.31,61.085,-1,-1,-1
416,124,1620.415,431.935,103.17,234.13,97.874,-1,-1,-1
416,150,1726.315,419.365,113.37,257.27,114.97,-1,-1,-1
416,168,1776.315,403.365,113.37,257.27,69.122,-1,-1,-1
417,114,757.0,281.345,250.0,567.31,62.953,-1,-1,-1
417,124,1626.415,431.935,103.17,234.13,104.08,-1,-1,-1
417,150,1724.29,404.97,123.42,280.06,101.35,-1,-1,-1
417,168,1776.315,403.365,113.37,257.27,66.76,-1,-1,-1
417,169,1599.0,415.0,103.17,234.13,46.138,-1,-1,-1
418,114,753.0,278.345,250.0,567.31,68.53,-1,-1,-1
418,124,1630.415,425.935,103.17,234.13,89.464,-1,-1,-1
418,150,1735.315,417.365,113.37,257.27,110.0,-1,-1,-1
418,168,1776.315,403.365,113.37,257.27,60.168,-1,-1,-1
419,114,751.0,276.345,250.0,567.31,66.276,-1,-1,-1
419,124,1633.415,420.935,103.17,234.13,89.633,-1,-1,-1
419,150,1739.315,418.365,113.37,257.27,107.78,-1,-1,-1
419,168,1776.315,403.365,113.37,257.27,69.699,-1,-1,-1
420,114,737.585,251.70999999999998,270.83,614.58,70.626,-1,-1,-1
420,124,1634.415,416.935,103.17,234.13,101.32,-1,-1,-1
420,150,1742.315,419.365,113.37,257.27,89.055,-1,-1,-1
420,168,1776.315,403.365,113.37,257.27,77.045,-1,-1,-1
421,114,735.585,251.70999999999998,270.83,614.58,58.991,-1,-1,-1
421,124,1640.415,414.935,103.17,234.13,101.74,-1,-1,-1
421,150,1753.415,430.935,103.17,234.13,83.894,-1,-1,-1
421,168,1784.415,414.935,103.17,234.13,49.555,-1,-1,-1
422,114,720.0,288.345,250.0,567.31,57.849,-1,-1,-1
422,124,1645.415,412.935,103.17,234.13,109.83,-1,-1,-1
422,150,1754.315,419.365,113.37,257.27,92.704,-1,-1,-1
422,168,1786.315,403.365,113.37,257.27,48.547,-1,-1,-1
422,170,1678.0,431.0,103.17,234.13,43.467,-1,-1,-1
423,114,701.0,298.345,250.0,567.31,54.393,-1,-1,-1
423,124,1648.415,411.935,103.17,234.13,107.84,-1,-1,-1
423,150,1759.315,419.365,113.37,257.27,86.593,-1,-1,-1
423,168,1790.315,403.365,113.37,257.27,49.685,-1,-1,-1
424,114,687.0,306.345,250.0,567.31,51.122,-1,-1,-1
424,124,1655.415,417.935,103.17,234.13,113.51,-1,-1,-1
424,150,1762.315,419.365,113.37,257.27,85.445,-1,-1,-1
424,168,1793.315,403.365,113.37,257.27,50.811,-1,-1,-1
424,171,1630.0,415.0,103.17,234.13,50.5,-1,-1,-1
425,114,662.585,290.71,270.83,614.58,50.97,-1,-1,-1
425,124,1660.415,422.935,103.17,234.13,110.95,-1,-1,-1
425,150,1763.315,419.365,113.37,257.27,91.633,-1,-1,-1
425,168,1795.315,403.365,113.37,257.27,46.796,-1,-1,-1
425,172,905.0,347.0,159.84,362.7,41.85,-1,-1,-1
426,114,637.585,295.71,270.83,614.58,42.499,-1,-1,-1
426,124,1664.415,426.935,103.17,234.13,106.37,-1,-1,-1
426,150,1770.315,413.365,113.37,257.27,86.024,-1,-1,-1
426,172,919.69,362.645,146.62,332.71,58.793,-1,-1,-1
427,114,620.585,298.71,270.83,614.58,46.636,-1,-1,-1
427,124,1666.415,423.935,103.17,234.13,99.38,-1,-1,-1
427,150,1775.315,409.365,113.37,257.27,88.692,-1,-1,-1
427,172,919.69,362.645,146.62,332.71,47.46,-1,-1,-1
428,114,608.585,300.71,270.83,614.58,49.809,-1,-1,-1
428,124,1667.415,420.935,103.17,234.13,114.56,-1,-1,-1
428,150,1780.415,422.935,103.17,234.13,101.67,-1,-1,-1
428,172,935.69,362.645,146.62,332.71,47.597,-1,-1,-1
428,173,1811.0,403.0,113.37,257.27,45.06,-1,-1,-1
429,114,586.585,301.71,270.83,614.58,56.58,-1,-1,-1
429,124,1673.415,418.935,103.17,234.13,104.38,-1,-1,-1
429,150,1780.415,424.935,103.17,234.13,112.74,-1,-1,-1
429,173,1811.315,403.365,113.37,257.27,44.798,-1,-1,-1
429,174,1646.0,431.0,103.17,234.13,53.791,-1,-1,-1
430,114,571.585,301.71,270.83,614.58,56.429,-1,-1,-1
430,124,1672.315,405.365,113.37,257.27,95.659,-1,-1,-1
430,150,1779.415,426.935,103.17,234.13,101.17,-1,-1,-1
430,173,1811.315,403.365,113.37,257.27,47.893,-1,-1,-1
431,114,562.585,301.71,270.83,614.58,58.164,-1,-1,-1
431,124,1674.315,404.365,113.37,257.27,88.436,-1,-1,-1
431,150,1784.415,428.935,103.17,234.13,90.246,-1,-1,-1
431,175,1757.0,415.0,103.17,234.13,41.892,-1,-1,-1
432,114,598.275,401.63,207.45,470.74,52.01,-1,-1,-1
432,124,1675.315,403.365,113.37,257.27,91.736,-1,-1,-1
432,150,1779.315,418.365,113.37,257.27,96.78,-1,-1,-1
432,176,1811.0,403.0,113.37,257.27,55.365,-1,-1,-1
433,124,1681.415,413.935,103.17,234.13,83.767,-1,-1,-1
433,150,1779.315,419.365,113.37,257.27,81.217,-1,-1,-1
433,176,1811.315,403.365,113.37,257.27,55.03,-1,-1,-1
434,124,1687.415,419.935,103.17,234.13,88.042,-1,-1,-1
434,150,1781.415,425.935,103.17,234.13,85.707,-1,-1,-1
434,176,1811.315,403.365,113.37,257.27,57.191,-1,-1,-1
434,177,532.0,296.0,270.83,614.58,40.214,-1,-1,-1
435,124,1692.415,423.935,103.17,234.13,97.749,-1,-1,-1
435,176,1790.29,396.97,123.42,280.06,75.193,-1,-1,-1
435,177,531.585,254.70999999999998,270.83,614.58,44.707,-1,-1,-1
435,178,1726.0,415.0,103.17,234.13,45.89,-1,-1,-1
436,124,1695.415,426.935,103.17,234.13,84.519,-1,-1,-1
436,176,1790.415,417.935,103.17,234.13,69.177,-1,-1,-1
436,178,1726.415,414.935,103.17,234.13,55.699,-1,-1,-1
436,179,1828.0,403.0,113.37,257.27,42.304,-1,-1,-1
437,176,1766.315,404.365,113.37,257.27,59.825,-1,-1,-1
437,178,1715.415,414.935,103.17,234.13,86.406,-1,-1,-1
437,179,1811.315,403.365,113.37,257.27,64.437,-1,-1,-1
437,180,490.0,296.0,270.83,614.58,50.412,-1,-1,-1
438,176,1756.315,403.365,113.37,257.27,53.331,-1,-1,-1
438,178,1710.415,414.935,103.17,234.13,94.496,-1,-1,-1
438,179,1802.29,396.97,123.42,280.06,82.286,-1,-1,-1
438,180,489.58500000000004,295.71,270.83,614.58,43.698,-1,-1,-1
438,181,1033.0,363.0,146.62,332.71,46.217,-1,-1,-1
439,176,1751.315,403.365,113.37,257.27,42.571,-1,-1,-1
439,178,1708.415,414.935,103.17,234.13,89.042,-1,-1,-1
439,179,1801.29,399.97,123.42,280.06,69.353,-1,-1,-1
439,181,1052.08,370.65,159.84,362.7,46.001,-1,-1,-1
440,176,1737.415,414.935,103.17,234.13,97.919,-1,-1,-1
440,178,1689.415,414.935,103.17,234.13,45.301,-1,-1,-1
440,179,1812.29,400.97,123.42,280.06,53.929,-1,-1,-1
440,181,1056.69,385.645,146.62,332.71,62.169,-1,-1,-1
440,182,1776.0,403.0,113.37,257.27,62.962,-1,-1,-1
441,176,1725.415,414.935,103.17,234.13,107.46,-1,-1,-1
441,178,1684.67,424.595,94.66,214.81,41.104,-1,-1,-1
441,179,1807.29,400.97,123.42,280.06,54.85,-1,-1,-1
441,181,1071.69,385.645,146.62,332.71,51.771,-1,-1,-1
441,182,1757.415,430.935,103.17,234.13,62.975,-1,-1,-1
442,176,1718.415,414.935,103.17,234.13,100.23,-1,-1,-1
442,181,1078.69,384.645,146.62,332.71,66.507,-1,-1,-1
442,182,1767.67,430.595,94.66,214.81,60.885,-1,-1,-1
443,176,1712.67,430.595,94.66,214.81,46.275,-1,-1,-1
443,181,1094.69,372.645,146.62,332.71,56.97,-1,-1,-1
443,182,1770.67,435.595,94.66,214.81,66.524,-1,-1,-1
443,183,1742.0,425.0,94.66,214.81,96.721,-1,-1,-1
444,182,1771.415,428.935,103.17,234.13,43.65,-1,-1,-1
444,183,1742.415,414.935,103.17,234.13,105.79,-1,-1,-1
444,184,1820.0,381.0,123.42,280.06,45.226,-1,-1,-1
445,182,1774.415,430.935,103.17,234.13,51.172,-1,-1,-1
445,183,1742.415,414.935,103.17,234.13,99.857,-1,-1,-1
445,184,1810.29,376.355,135.42,307.29,55.617,-1,-1,-1
445,185,1101.0,363.0,146.62,332.71,57.395,-1,-1,-1
446,183,1742.415,414.935,103.17,234.13,83.605,-1,-1,-1
446,184,1806.29,383.97,123.42,280.06,69.121,-1,-1,-1
446,185,1122.29,376.355,135.42,307.29,58.638,-1,-1,-1
447,183,1751.415,424.935,103.17,234.13,65.987,-1,-1,-1
447,184,1801.29,393.97,123.42,280.06,70.375,-1,-1,-1
447,185,1121.69,363.645,146.62,332.71,50.55,-1,-1,-1
447,186,1706.0,403.0,113.37,257.27,40.171,-1,-1,-1
448,183,1756.415,429.935,103.17,234.13,73.003,-1,-1,-1
448,184,1796.315,405.365,113.37,257.27,58.48,-1,-1,-1
448,185,1124.29,376.355,135.42,307.29,40.02,-1,-1,-1
449,183,1748.315,412.365,113.37,257.27,62.353,-1,-1,-1
449,184,1783.29,397.97,123.42,280.06,53.34,-1,-1,-1
450,183,1754.315,408.365,113.37,257.27,71.133,-1,-1,-1
450,187,1146.0,385.0,146.62,332.71,50.855,-1,-1,-1
451,183,1748.29,389.97,123.42,280.06,42.332,-1,-1,-1
451,187,1164.29,376.355,135.42,307.29,48.774,-1,-1,-1
451,188,1782.0,400.0,123.42,280.06,58.085,-1,-1,-1
452,183,1757.315,401.365,113.37,257.27,62.763,-1,-1,-1
452,187,1164.29,376.355,135.42,307.29,55.718,-1,-1,-1
452,188,1819.29,380.97,123.42,280.06,47.343,-1,-1,-1
453,183,1752.315,401.365,113.37,257.27,62.828,-1,-1,-1
453,187,1177.29,376.355,135.42,307.29,52.062,-1,-1,-1
453,188,1807.29,380.97,123.42,280.06,50.542,-1,-1,-1
454,183,1748.315,401.365,113.37,257.27,67.365,-1,-1,-1
454,187,1184.29,376.355,135.42,307.29,60.104,-1,-1,-1
454,188,1801.29,380.97,123.42,280.06,60.051,-1,-1,-1
455,183,1736.29,392.97,123.42,280.06,64.485,-1,-1,-1
455,187,1187.29,376.355,135.42,307.29,50.709,-1,-1,-1
456,183,1740.315,404.365,113.37,257.27,69.475,-1,-1,-1
456,187,1199.29,376.355,135.42,307.29,42.605,-1,-1,-1
457,183,1730.29,395.97,123.42,280.06,57.293,-1,-1,-1
457,187,1205.29,376.355,135.42,307.29,49.593,-1,-1,-1
457,189,1763.0,381.0,123.42,280.06,62.579,-1,-1,-1
458,183,1720.29,397.97,123.42,280.06,44.13,-1,-1,-1
458,187,1209.29,376.355,135.42,307.29,44.544,-1,-1,-1
458,189,1759.315,403.365,113.37,257.27,66.306,-1,-1,-1
459,183,1712.29,398.97,123.42,280.06,59.15,-1,-1,-1
459,189,1760.29,384.97,123.42,280.06,46.993,-1,-1,-1
459,190,131.0,527.0,226.74,514.53,48.998,-1,-1,-1
460,183,1704.315,408.365,113.37,257.27,69.208,-1,-1,-1
460,189,1762.315,399.365,113.37,257.27,80.345,-1,-1,-1
460,190,96.63,526.735,226.74,514.53,46.465,-1,-1,-1
460,191,1430.0,447.0,87.838,199.32,49.627,-1,-1,-1
461,183,1690.29,397.97,123.42,280.06,58.488,-1,-1,-1
461,189,1771.315,401.365,113.37,257.27,59.986,-1,-1,-1
462,183,1688.315,407.365,113.37,257.27,40.34,-1,-1,-1
462,189,1775.315,402.365,113.37,257.27,50.861,-1,-1,-1
463,189,1794.415,414.935,103.17,234.13,69.653,-1,-1,-1
463,192,1757.0,522.0,61.514,139.59,56.802,-1,-1,-1
464,189,1803.415,415.935,103.17,234.13,77.428,-1,-1,-1
464,192,1738.243,532.205,61.514,139.59,51.01,-1,-1,-1
465,189,1808.415,415.935,103.17,234.13,70.727,-1,-1,-1
465,193,1671.0,403.0,113.37,257.27,52.012,-1,-1,-1
466,189,1817.67,425.595,94.66,214.81,67.022,-1,-1,-1
466,193,1705.29,399.97,123.42,280.06,41.126,-1,-1,-1
467,189,1825.081,434.34000000000003,87.838,199.32,69.1,-1,-1,-1
467,194,1636.0,403.0,113.37,257.27,49.744,-1,-1,-1
468,189,1827.081,434.34000000000003,87.838,199.32,76.791,-1,-1,-1
468,194,1636.315,403.365,113.37,257.27,56.266,-1,-1,-1
468,195,1288.0,381.0,123.42,280.06,48.696,-1,-1,-1
468,196,271.0,318.0,226.74,514.53,41.543,-1,-1,-1
469,189,1828.081,434.34000000000003,87.838,199.32,85.312,-1,-1,-1
469,194,1624.315,403.365,113.37,257.27,56.406,-1,-1,-1
469,197,1759.0,403.0,113.37,257.27,46.874,-1,-1,-1
470,189,1829.081,434.34000000000003,87.838,199.32,98.138,-1,-1,-1
470,194,1619.315,403.365,113.37,257.27,61.806,-1,-1,-1
470,198,271.0,318.0,226.74,514.53,42.11,-1,-1,-1
471,189,1829.081,434.34000000000003,87.838,199.32,83.953,-1,-1,-1
471,194,1617.315,403.365,113.37,257.27,65.429,-1,-1,-1
472,189,1828.081,434.34000000000003,87.838,199.32,78.104,-1,-1,-1
472,194,1616.315,403.365,113.37,257.27,64.654,-1,-1,-1
472,199,1671.0,403.0,113.37,257.27,51.739,-1,-1,-1
472,200,305.0,318.0,226.74,514.53,43.297,-1,-1,-1
473,189,1827.081,434.34000000000003,87.838,199.32,71.653,-1,-1,-1
473,194,1607.315,403.365,113.37,257.27,58.781,-1,-1,-1
473,199,1668.29,399.97,123.42,280.06,57.346,-1,-1,-1
473,200,304.63,317.735,226.74,514.53,50.209,-1,-1,-1
473,201,1773.0,415.0,103.17,234.13,48.064,-1,-1,-1
473,202,1474.0,456.0,79.918,181.35,45.003,-1,-1,-1
474,189,1831.081,434.34000000000003,87.838,199.32,70.572,-1,-1,-1
474,194,1594.315,411.365,113.37,257.27,49.011,-1,-1,-1
474,199,1668.29,399.97,123.42,280.06,49.217,-1,-1,-1
474,201,1773.415,398.935,103.17,234.13,52.349,-1,-1,-1
474,202,1485.068,456.195,73.864,167.61,41.653,-1,-1,-1
474,203,1322.0,385.0,113.37,257.27,41.233,-1,-1,-1
475,189,1834.081,434.34000000000003,87.838,199.32,80.274,-1,-1,-1
475,194,1586.315,408.365,113.37,257.27,51.879,-1,-1,-1
475,199,1648.315,405.365,113.37,257.27,48.289,-1,-1,-1
475,201,1773.67,409.595,94.66,214.81,57.746,-1,-1,-1
475,203,1340.315,385.365,113.37,257.27,65.161,-1,-1,-1
475,204,340.0,318.0,226.74,514.53,42.368,-1,-1,-1
476,189,1836.081,434.34000000000003,87.838,199.32,91.866,-1,-1,-1
476,199,1636.315,403.365,113.37,257.27,42.957,-1,-1,-1
476,201,1771.415,399.935,103.17,234.13,60.057,-1,-1,-1
476,203,1340.315,385.365,113.37,257.27,67.051,-1,-1,-1
476,204,339.63,317.735,226.74,514.53,40.649,-1,-1,-1
477,189,1837.081,434.34000000000003,87.838,199.32,83.677,-1,-1,-1
477,199,1621.315,402.365,113.37,257.27,47.034,-1,-1,-1
477,201,1772.415,398.935,103.17,234.13,68.375,-1,-1,-1
477,203,1345.415,397.935,103.17,234.13,45.658,-1,-1,-1
477,204,339.63,317.735,226.74,514.53,41.696,-1,-1,-1
478,189,1838.081,434.34000000000003,87.838,199.32,85.24,-1,-1,-1
478,199,1613.315,401.365,113.37,257.27,70.484,-1,-1,-1
478,201,1772.415,398.935,103.17,234.13,60.724,-1,-1,-1
478,203,1355.415,398.935,103.17,234.13,46.3,-1,-1,-1
478,205,1567.0,420.0,113.37,257.27,50.402,-1,-1,-1
479,189,1838.081,434.34000000000003,87.838,199.32,84.72,-1,-1,-1
479,199,1601.315,401.365,113.37,257.27,79.517,-1,-1,-1
479,201,1772.415,398.935,103.17,234.13,65.233,-1,-1,-1
479,203,1355.315,396.365,113.37,257.27,45.663,-1,-1,-1
480,189,1838.081,434.34000000000003,87.838,199.32,85.275,-1,-1,-1
480,199,1595.315,401.365,113.37,257.27,55.601,-1,-1,-1
480,201,1781.67,409.595,94.66,214.81,60.782,-1,-1,-1
480,203,1371.415,404.935,103.17,234.13,40.507,-1,-1,-1
481,189,1838.081,434.34000000000003,87.838,199.32,90.084,-1,-1,-1
481,199,1592.315,401.365,113.37,257.27,55.552,-1,-1,-1
481,201,1784.67,409.595,94.66,214.81,62.471,-1,-1,-1
482,189,1838.081,434.34000000000003,87.838,199.32,84.793,-1,-1,-1
482,201,1785.415,399.935,103.17,234.13,58.028,-1,-1,-1
482,206,1392.0,399.0,103.17,234.13,42.529,-1,-1,-1
483,189,1838.081,434.34000000000003,87.838,199.32,85.071,-1,-1,-1
483,201,1794.67,409.595,94.66,214.81,56.984,-1,-1,-1
483,207,445.0,318.0,226.74,514.53,40.514,-1,-1,-1
483,208,1583.0,415.0,103.17,234.13,40.257,-1,-1,-1
484,189,1838.081,434.34000000000003,87.838,199.32,73.534,-1,-1,-1
484,201,1793.67,409.595,94.66,214.81,57.603,-1,-1,-1
485,189,1837.081,434.34000000000003,87.838,199.32,76.045,-1,-1,-1
485,201,1797.67,409.595,94.66,214.81,45.776,-1,-1,-1
485,209,1567.0,415.0,103.17,234.13,49.307,-1,-1,-1
485,210,1535.0,431.0,103.17,234.13,43.631,-1,-1,-1
485,211,445.0,318.0,226.74,514.53,41.634,-1,-1,-1
486,189,1837.081,434.34000000000003,87.838,199.32,72.424,-1,-1,-1
486,201,1793.415,399.935,103.17,234.13,40.779,-1,-1,-1
486,209,1549.315,403.365,113.37,257.27,48.695,-1,-1,-1
486,210,1488.415,430.935,103.17,234.13,61.402,-1,-1,-1
486,211,444.63,317.735,226.74,514.53,45.583,-1,-1,-1
487,189,1837.081,434.34000000000003,87.838,199.32,78.998,-1,-1,-1
487,209,1549.315,403.365,113.37,257.27,57.119,-1,-1,-1
487,210,1498.415,430.935,103.17,234.13,59.198,-1,-1,-1
487,211,444.63,317.735,226.74,514.53,55.214,-1,-1,-1
488,189,1842.041,443.325,79.918,181.35,75.33,-1,-1,-1
488,209,1549.315,403.365,113.37,257.27,44.894,-1,-1,-1
488,211,466.275,327.63,207.45,470.74,49.615,-1,-1,-1
489,189,1842.041,443.325,79.918,181.35,64.927,-1,-1,-1
489,211,472.275,341.63,207.45,470.74,44.181,-1,-1,-1
490,189,1842.041,443.325,79.918,181.35,60.677,-1,-1,-1
490,211,474.63,319.735,226.74,514.53,42.135,-1,-1,-1
491,211,498.275,332.63,207.45,470.74,42.408,-1,-1,-1
491,212,1440.0,400.0,123.42,280.06,43.377,-1,-1,-1
491,213,1535.0,431.0,103.17,234.13,42.828,-1,-1,-1
492,211,506.275,326.63,207.45,470.74,42.49,-1,-1,-1
492,213,1535.415,430.935,103.17,234.13,42.026,-1,-1,-1
492,214,1849.0,434.0,87.838,199.32,46.596,-1,-1,-1
493,211,510.275,336.63,207.45,470.74,52.947,-1,-1,-1
494,211,512.275,343.63,207.45,470.74,47.026,-1,-1,-1
494,215,1860.0,445.0,73.864,167.61,42.548,-1,-1,-1
495,211,513.275,348.63,207.45,470.74,41.736,-1,-1,-1
496,216,1800.0,396.0,94.66,214.81,42.587,-1,-1,-1
496,217,1860.0,445.0,73.864,167.61,40.794,-1,-1,-1
497,216,1809.081,407.34000000000003,87.838,199.32,42.732,-1,-1,-1
498,218,1268.0,447.0,87.838,199.32,42.692,-1,-1,-1
499,218,1277.041,456.325,79.918,181.35,40.867,-1,-1,-1
499,219,1478.0,400.0,123.42,280.06,42.923,-1,-1,-1
500,218,1285.041,456.325,79.918,181.35,41.965,-1,-1,-1
500,219,1477.29,376.355,135.42,307.29,60.648,-1,-1,-1
500,220,568.0,353.0,207.45,470.74,43.966,-1,-1,-1
501,219,1480.29,396.97,123.42,280.06,45.526,-1,-1,-1
502,219,1478.29,399.97,123.42,280.06,41.392,-1,-1,-1
502,221,1582.0,440.0,94.66,214.81,43.119,-1,-1,-1
502,222,568.0,353.0,207.45,470.74,41.551,-1,-1,-1
503,222,568.275,322.63,207.45,470.74,54.565,-1,-1,-1
504,222,589.275,321.63,207.45,470.74,49.107,-1,-1,-1
505,222,600.275,321.63,207.45,470.74,53.844,-1,-1,-1
506,222,604.275,321.63,207.45,470.74,58.604,-1,-1,-1
506,223,1806.0,521.0,36.723,83.333,42.511,-1,-1,-1
506,224,1592.0,447.0,87.838,199.32,41.039,-1,-1,-1
506,225,1497.0,400.0,123.42,280.06,40.815,-1,-1,-1
507,222,605.275,321.63,207.45,470.74,57.314,-1,-1,-1
508,222,605.275,321.63,207.45,470.74,65.221,-1,-1,-1
508,226,1514.0,403.0,113.37,257.27,43.031,-1,-1,-1
509,222,592.63,308.735,226.74,514.53,53.921,-1,-1,-1
509,227,1349.0,440.0,94.66,214.81,54.316,-1,-1,-1
509,228,449.0,254.0,270.83,614.58,41.599,-1,-1,-1
514,229,1377.0,431.0,103.17,234.13,48.037,-1,-1,-1
514,230,1549.0,403.0,113.37,257.27,45.84,-1,-1,-1
514,231,532.0,254.0,270.83,614.58,41.208,-1,-1,-1
514,232,1619.0,434.0,87.838,199.32,40.871,-1,-1,-1
515,230,1549.315,403.365,113.37,257.27,40.117,-1,-1,-1
516,233,566.0,275.0,250.0,567.31,43.429,-1,-1,-1
517,234,1583.0,431.0,103.17,234.13,48.737,-1,-1,-1
518,234,1583.415,430.935,103.17,234.13,44.929,-1,-1,-1
518,235,1361.0,431.0,103.17,234.13,51.403,-1,-1,-1
519,234,1583.415,430.935,103.17,234.13,40.872,-1,-1,-1
519,235,1361.415,430.935,103.17,234.13,54.909,-1,-1,-1
519,236,643.0,275.0,250.0,567.31,45.528,-1,-1,-1
520,236,643.0,275.345,250.0,567.31,44.584,-1,-1,-1
521,236,648.585,253.70999999999998,270.83,614.58,46.252,-1,-1,-1
521,237,1634.0,595.0,30.903,70.127,46.245,-1,-1,-1
522,236,677.0,276.345,250.0,567.31,46.458,-1,-1,-1
522,237,1633.1315,592.7215,33.737,76.557,43.717,-1,-1,-1
522,238,1640.0,425.0,94.66,214.81,40.374,-1,-1,-1
523,236,685.0,275.345,250.0,567.31,46.011,-1,-1,-1
523,238,1602.315,403.365,113.37,257.27,43.709,-1,-1,-1
524,236,696.63,290.735,226.74,514.53,47.842,-1,-1,-1
525,236,714.63,284.735,226.74,514.53,52.497,-1,-1,-1
525,239,1602.0,403.0,113.37,257.27,46.469,-1,-1,-1
525,240,1281.0,447.0,87.838,199.32,40.393,-1,-1,-1
