1,1,1689.0,385.0,146.62,332.71,67.567,-1,-1,-1
2,1,1688.69,384.645,146.62,332.71,66.725,-1,-1,-1
3,2,1742.0,513.0,94.66,214.81,64.803,-1,-1,-1
4,3,1668.0,371.0,159.84,362.7,53.87,-1,-1,-1
5,3,1692.08,370.65,159.84,362.7,52.074,-1,-1,-1
6,3,1676.69,385.645,146.62,332.71,52.587,-1,-1,-1
7,3,1665.08,370.65,159.84,362.7,49.716,-1,-1,-1
8,3,1664.08,370.65,159.84,362.7,50.69,-1,-1,-1
9,3,1665.69,385.645,146.62,332.71,59.031,-1,-1,-1
9,4,1326.0,489.0,67.474,153.11,41.687,-1,-1,-1
10,3,1675.69,385.645,146.62,332.71,64.395,-1,-1,-1
10,4,1326.263,499.445,67.474,153.11,44.719,-1,-1,-1
11,3,1681.69,385.645,146.62,332.71,58.138,-1,-1,-1
12,3,1685.69,395.645,146.62,332.71,51.907,-1,-1,-1
13,3,1687.69,392.645,146.62,332.71,54.748,-1,-1,-1
14,3,1677.08,375.65,159.84,362.7,53.078,-1,-1,-1
15,3,1674.08,373.65,159.84,362.7,56.775,-1,-1,-1
15,5,1825.0,535.0,33.737,76.557,40.166,-1,-1,-1
16,3,1672.08,372.65,159.84,362.7,58.304,-1,-1,-1
16,6,1834.0,532.0,36.723,83.333,49.653,-1,-1,-1
16,7,1336.0,500.0,67.474,153.11,44.973,-1,-1,-1
17,3,1673.69,386.645,146.62,332.71,65.522,-1,-1,-1
17,7,1336.263,500.445,67.474,153.11,46.265,-1,-1,-1
18,3,1669.69,393.645,146.62,332.71,66.036,-1,-1,-1
18,8,-52.0,254.0,270.83,614.58,44.021,-1,-1,-1
19,3,1666.69,399.645,146.62,332.71,64.738,-1,-1,-1
19,9,-52.0,254.0,270.83,614.58,56.379,-1,-1,-1
20,3,1652.08,381.65,159.84,362.7,63.715,-1,-1,-1
20,10,-52.0,254.0,270.83,614.58,52.829,-1,-1,-1
21,3,1646.08,378.65,159.84,362.7,63.111,-1,-1,-1
21,11,-52.0,254.0,270.83,614.58,55.834,-1,-1,-1
22,3,1642.08,384.65,159.84,362.7,69.866,-1,-1,-1
22,12,-52.0,254.0,270.83,614.58,52.643,-1,-1,-1
23,3,1635.16,362.675,175.68,398.65,71.576,-1,-1,-1
23,13,-52.0,254.0,270.83,614.58,55.724,-1,-1,-1
24,3,1633.08,386.65,159.84,362.7,74.939,-1,-1,-1
24,14,-52.0,254.0,270.83,614.58,48.298,-1,-1,-1
25,3,1625.08,390.65,159.84,362.7,77.047,-1,-1,-1
26,3,1619.08,393.65,159.84,362.7,69.991,-1,-1,-1
27,3,1609.16,369.675,175.68,398.65,70.678,-1,-1,-1
28,3,1609.16,364.675,175.68,398.65,82.014,-1,-1,-1
29,3,1615.08,377.65,159.84,362.7,72.384,-1,-1,-1
30,3,1608.16,356.675,175.68,398.65,65.412,-1,-1,-1
30,15,1339.0,480.0,79.918,181.35,46.891,-1,-1,-1
31,3,1609.16,354.675,175.68,398.65,64.181,-1,-1,-1
31,15,1349.068,490.195,73.864,167.61,50.363,-1,-1,-1
32,3,1617.08,379.65,159.84,362.7,68.372,-1,-1,-1
32,15,1349.068,490.195,73.864,167.61,56.174,-1,-1,-1
33,3,1611.16,358.675,175.68,398.65,73.534,-1,-1,-1
33,15,1341.041,481.325,79.918,181.35,52.712,-1,-1,-1
33,16,1752.0,290.0,207.45,470.74,41.951,-1,-1,-1
34,3,1612.16,356.675,175.68,398.65,73.734,-1,-1,-1
34,15,1346.068,489.195,73.864,167.61,63.212,-1,-1,-1
35,3,1613.16,355.675,175.68,398.65,79.855,-1,-1,-1
35,15,1347.068,489.195,73.864,167.61,61.084,-1,-1,-1
35,17,1670.0,381.0,175.68,398.65,43.711,-1,-1,-1
36,3,1614.16,354.675,175.68,398.65,70.057,-1,-1,-1
36,15,1348.068,489.195,73.864,167.61,63.441,-1,-1,-1
36,17,1670.16,380.675,175.68,398.65,45.533,-1,-1,-1
37,3,1615.16,353.675,175.68,398.65,70.38,-1,-1,-1
37,15,1349.068,489.195,73.864,167.61,65.47,-1,-1,-1
37,17,1670.16,380.675,175.68,398.65,46.659,-1,-1,-1
38,3,1616.16,352.675,175.68,398.65,68.337,-1,-1,-1
38,15,1349.068,489.195,73.864,167.61,59.666,-1,-1,-1
38,17,1670.16,380.675,175.68,398.65,46.271,-1,-1,-1
39,3,1616.16,362.675,175.68,398.65,68.451,-1,-1,-1
39,15,1349.068,489.195,73.864,167.61,50.873,-1,-1,-1
40,3,1614.34,350.195,189.32,429.61,69.024,-1,-1,-1
40,15,1349.068,489.195,73.864,167.61,56.938,-1,-1,-1
41,3,1618.34,353.195,189.32,429.61,73.547,-1,-1,-1
41,15,1349.068,490.195,73.864,167.61,59.175,-1,-1,-1
42,3,1621.34,355.195,189.32,429.61,70.72,-1,-1,-1
42,15,1349.068,490.195,73.864,167.61,56.873,-1,-1,-1
43,3,1625.16,375.675,175.68,398.65,75.593,-1,-1,-1
43,15,1349.068,490.195,73.864,167.61,46.469,-1,-1,-1
44,3,1610.34,359.195,189.32,429.61,80.576,-1,-1,-1
44,15,1349.068,490.195,73.864,167.61,50.829,-1,-1,-1
45,3,1613.34,358.195,189.32,429.61,74.794,-1,-1,-1
45,15,1349.068,490.195,73.864,167.61,54.438,-1,-1,-1
46,3,1606.34,357.195,189.32,429.61,73.628,-1,-1,-1
46,15,1349.068,490.195,73.864,167.61,58.151,-1,-1,-1
46,18,1752.0,290.0,207.45,470.74,41.979,-1,-1,-1
47,3,1600.34,356.195,189.32,429.61,66.649,-1,-1,-1
47,15,1349.068,490.195,73.864,167.61,54.048,-1,-1,-1
47,18,1736.63,282.735,226.74,514.53,43.154,-1,-1,-1
48,3,1596.34,356.195,189.32,429.61,63.243,-1,-1,-1
48,15,1349.068,490.195,73.864,167.61,54.639,-1,-1,-1
48,18,1736.63,282.735,226.74,514.53,44.187,-1,-1,-1
49,3,1593.34,355.195,189.32,429.61,69.067,-1,-1,-1
49,15,1349.068,490.195,73.864,167.61,56.656,-1,-1,-1
49,18,1750.275,294.63,207.45,470.74,43.303,-1,-1,-1
50,3,1591.34,355.195,189.32,429.61,69.552,-1,-1,-1
50,15,1349.068,490.195,73.864,167.61,49.767,-1,-1,-1
51,3,1579.34,355.195,189.32,429.61,68.85,-1,-1,-1
51,15,1349.068,490.195,73.864,167.61,44.878,-1,-1,-1
52,3,1581.34,355.195,189.32,429.61,60.967,-1,-1,-1
52,15,1349.068,490.195,73.864,167.61,49.451,-1,-1,-1
53,3,1583.34,355.195,189.32,429.61,57.805,-1,-1,-1
53,15,1349.068,490.195,73.864,167.61,55.381,-1,-1,-1
54,3,1585.34,354.195,189.32,429.61,59.841,-1,-1,-1
54,15,1349.068,490.195,73.864,167.61,51.86,-1,-1,-1
54,19,1737.0,283.0,226.74,514.53,40.997,-1,-1,-1
55,3,1558.275,329.63,207.45,470.74,58.095,-1,-1,-1
55,15,1349.068,490.195,73.864,167.61,48.271,-1,-1,-1
55,19,1736.63,282.735,226.74,514.53,43.223,-1,-1,-1
55,20,1622.0,354.0,189.32,429.61,47.883,-1,-1,-1
56,3,1563.34,351.195,189.32,429.61,60.119,-1,-1,-1
56,15,1349.068,490.195,73.864,167.61,49.125,-1,-1,-1
56,19,1713.63,282.735,226.74,514.53,46.551,-1,-1,-1
57,3,1560.34,352.195,189.32,429.61,61.475,-1,-1,-1
57,15,1349.068,490.195,73.864,167.61,46.852,-1,-1,-1
57,19,1701.63,282.735,226.74,514.53,40.341,-1,-1,-1
57,21,579.0,522.0,135.42,307.29,42.276,-1,-1,-1
58,15,1349.068,490.195,73.864,167.61,48.833,-1,-1,-1
58,19,1719.63,282.735,226.74,514.53,48.702,-1,-1,-1
58,22,1593.0,354.0,189.32,429.61,44.318,-1,-1,-1
59,15,1349.068,490.195,73.864,167.61,50.529,-1,-1,-1
59,19,1729.63,282.735,226.74,514.53,52.273,-1,-1,-1
59,22,1621.34,354.195,189.32,429.61,41.522,-1,-1,-1
60,15,1349.068,490.195,73.864,167.61,48.119,-1,-1,-1
60,19,1716.63,282.735,226.74,514.53,49.047,-1,-1,-1
60,23,1528.0,353.0,207.45,470.74,41.755,-1,-1,-1
61,15,1349.068,490.195,73.864,167.61,46.722,-1,-1,-1
61,19,1709.63,282.735,226.74,514.53,50.716,-1,-1,-1
61,24,1554.0,514.0,123.42,280.06,53.015,-1,-1,-1
62,15,1349.068,490.195,73.864,167.61,44.681,-1,-1,-1
62,19,1704.63,282.735,226.74,514.53,53.216,-1,-1,-1
62,24,1554.29,513.97,123.42,280.06,48.648,-1,-1,-1
63,15,1348.041,482.325,79.918,181.35,47.674,-1,-1,-1
63,19,1701.63,282.735,226.74,514.53,54.974,-1,-1,-1
63,25,1528.0,322.0,207.45,470.74,57.984,-1,-1,-1
64,15,1351.068,489.195,73.864,167.61,49.373,-1,-1,-1
64,19,1699.63,282.735,226.74,514.53,49.421,-1,-1,-1
64,25,1528.275,321.63,207.45,470.74,52.384,-1,-1,-1
65,15,1351.068,489.195,73.864,167.61,52.873,-1,-1,-1
65,19,1698.63,282.735,226.74,514.53,51.194,-1,-1,-1
65,26,1567.0,542.0,113.37,257.27,63.039,-1,-1,-1
65,27,393.0,447.0,103.17,234.13,41.304,-1,-1,-1
66,15,1351.068,489.195,73.864,167.61,55.128,-1,-1,-1
66,19,1683.0,249.34500000000003,250.0,567.31,53.531,-1,-1,-1
66,28,1528.0,322.0,207.45,470.74,55.163,-1,-1,-1
67,15,1350.068,490.195,73.864,167.61,51.191,-1,-1,-1
67,19,1680.0,243.34500000000003,250.0,567.31,57.077,-1,-1,-1
67,28,1535.16,407.675,175.68,398.65,50.52,-1,-1,-1
67,29,409.0,447.0,103.17,234.13,40.889,-1,-1,-1
68,15,1350.068,490.195,73.864,167.61,52.446,-1,-1,-1
68,19,1678.0,239.34500000000003,250.0,567.31,60.132,-1,-1,-1
68,28,1532.34,367.195,189.32,429.61,52.246,-1,-1,-1
69,15,1350.068,490.195,73.864,167.61,55.577,-1,-1,-1
69,19,1677.0,236.34500000000003,250.0,567.31,56.741,-1,-1,-1
69,28,1527.275,346.63,207.45,470.74,48.02,-1,-1,-1
70,15,1350.068,490.195,73.864,167.61,57.865,-1,-1,-1
70,19,1677.0,234.34500000000003,250.0,567.31,60.489,-1,-1,-1
70,28,1529.275,348.63,207.45,470.74,44.15,-1,-1,-1
71,15,1344.041,482.325,79.918,181.35,52.208,-1,-1,-1
71,19,1677.0,233.34500000000003,250.0,567.31,51.283,-1,-1,-1
71,28,1511.275,349.63,207.45,470.74,55.605,-1,-1,-1
72,15,1347.068,489.195,73.864,167.61,60.777,-1,-1,-1
72,19,1677.0,233.34500000000003,250.0,567.31,44.7,-1,-1,-1
72,28,1501.275,350.63,207.45,470.74,48.581,-1,-1,-1
73,15,1347.068,489.195,73.864,167.61,58.908,-1,-1,-1
73,19,1677.0,233.34500000000003,250.0,567.31,47.731,-1,-1,-1
73,28,1495.275,351.63,207.45,470.74,62.77,-1,-1,-1
73,30,728.0,258.0,207.45,470.74,43.658,-1,-1,-1
74,15,1347.068,489.195,73.864,167.61,57.214,-1,-1,-1
74,19,1678.0,233.34500000000003,250.0,567.31,54.12,-1,-1,-1
74,28,1492.275,351.63,207.45,470.74,54.52,-1,-1,-1
74,31,794.0,533.0,123.42,280.06,51.346,-1,-1,-1
75,15,1348.068,490.195,73.864,167.61,55.082,-1,-1,-1
75,19,1678.0,233.34500000000003,250.0,567.31,48.682,-1,-1,-1
75,31,799.315,542.365,113.37,257.27,51.444,-1,-1,-1
75,32,1528.0,353.0,207.45,470.74,53.124,-1,-1,-1
76,15,1343.041,482.325,79.918,181.35,52.688,-1,-1,-1
76,19,1679.0,233.34500000000003,250.0,567.31,52.194,-1,-1,-1
76,32,1496.275,352.63,207.45,470.74,56.419,-1,-1,-1
76,33,759.0,283.0,226.74,514.53,48.511,-1,-1,-1
77,15,1347.068,489.195,73.864,167.61,62.12,-1,-1,-1
77,19,1681.63,267.735,226.74,514.53,55.657,-1,-1,-1
77,32,1489.63,321.735,226.74,514.53,45.91,-1,-1,-1
78,15,1342.041,481.325,79.918,181.35,60.347,-1,-1,-1
78,19,1675.63,273.735,226.74,514.53,55.654,-1,-1,-1
78,32,1491.63,317.735,226.74,514.53,52.439,-1,-1,-1
79,15,1341.041,481.325,79.918,181.35,55.981,-1,-1,-1
79,19,1654.0,259.345,250.0,567.31,50.001,-1,-1,-1
79,32,1492.63,316.735,226.74,514.53,53.253,-1,-1,-1
80,15,1345.068,489.195,73.864,167.61,59.736,-1,-1,-1
80,19,1647.0,268.345,250.0,567.31,58.485,-1,-1,-1
80,32,1492.63,315.735,226.74,514.53,73.294,-1,-1,-1
81,15,1346.068,489.195,73.864,167.61,62.027,-1,-1,-1
81,19,1642.0,274.345,250.0,567.31,52.759,-1,-1,-1
81,32,1499.275,344.63,207.45,470.74,58.096,-1,-1,-1
82,15,1347.068,489.195,73.864,167.61,57.958,-1,-1,-1
82,19,1639.0,278.345,250.0,567.31,51.195,-1,-1,-1
82,32,1474.63,320.735,226.74,514.53,61.074,-1,-1,-1
83,15,1342.041,481.325,79.918,181.35,57.241,-1,-1,-1
83,19,1651.0,280.345,250.0,567.31,52.241,-1,-1,-1
83,32,1465.63,319.735,226.74,514.53,50.539,-1,-1,-1
84,15,1341.041,481.325,79.918,181.35,52.942,-1,-1,-1
84,19,1666.275,305.63,207.45,470.74,46.907,-1,-1,-1
84,32,1459.63,318.735,226.74,514.53,51.585,-1,-1,-1
85,15,1340.041,481.325,79.918,181.35,51.109,-1,-1,-1
85,19,1661.275,287.63,207.45,470.74,49.791,-1,-1,-1
85,32,1464.275,345.63,207.45,470.74,67.638,-1,-1,-1
85,34,888.0,290.0,207.45,470.74,46.124,-1,-1,-1
86,15,1345.068,489.195,73.864,167.61,55.438,-1,-1,-1
86,19,1657.275,273.63,207.45,470.74,55.428,-1,-1,-1
86,32,1452.63,321.735,226.74,514.53,57.095,-1,-1,-1
87,15,1346.068,489.195,73.864,167.61,58.109,-1,-1,-1
87,19,1655.275,263.63,207.45,470.74,57.957,-1,-1,-1
87,32,1451.63,320.735,226.74,514.53,58.851,-1,-1,-1
87,35,920.0,290.0,207.45,470.74,45.757,-1,-1,-1
88,15,1347.068,489.195,73.864,167.61,63.693,-1,-1,-1
88,19,1653.275,256.63,207.45,470.74,63.922,-1,-1,-1
88,32,1451.63,319.735,226.74,514.53,45.413,-1,-1,-1
88,35,920.275,289.63,207.45,470.74,48.869,-1,-1,-1
89,15,1348.068,489.195,73.864,167.61,64.562,-1,-1,-1
89,19,1652.275,252.63,207.45,470.74,56.895,-1,-1,-1
89,32,1449.275,345.63,207.45,470.74,42.04,-1,-1,-1
89,35,920.275,289.63,207.45,470.74,60.469,-1,-1,-1
90,15,1343.041,481.325,79.918,181.35,52.5,-1,-1,-1
90,19,1617.585,202.70999999999998,270.83,614.58,60.753,-1,-1,-1
90,35,941.275,289.63,207.45,470.74,56.307,-1,-1,-1
91,15,1342.041,481.325,79.918,181.35,43.901,-1,-1,-1
91,19,1615.585,220.70999999999998,270.83,614.58,50.51,-1,-1,-1
91,35,952.275,289.63,207.45,470.74,63.005,-1,-1,-1
92,19,1614.585,234.70999999999998,270.83,614.58,58.734,-1,-1,-1
92,35,956.275,289.63,207.45,470.74,61.424,-1,-1,-1
93,19,1599.585,245.70999999999998,270.83,614.58,66.349,-1,-1,-1
93,35,974.275,289.63,207.45,470.74,51.96,-1,-1,-1
93,36,1432.0,385.0,207.45,470.74,55.783,-1,-1,-1
93,37,449.0,438.0,113.37,257.27,40.061,-1,-1,-1
94,19,1602.585,253.70999999999998,270.83,614.58,71.429,-1,-1,-1
94,35,985.275,289.63,207.45,470.74,62.876,-1,-1,-1
94,37,449.315,438.365,113.37,257.27,51.074,-1,-1,-1
94,38,1440.0,520.0,146.62,332.71,45.9,-1,-1,-1
95,19,1605.585,258.71,270.83,614.58,68.964,-1,-1,-1
95,35,991.275,289.63,207.45,470.74,53.688,-1,-1,-1
95,37,449.315,438.365,113.37,257.27,50.352,-1,-1,-1
95,38,1439.69,519.645,146.62,332.71,45.449,-1,-1,-1
96,19,1593.585,261.71,270.83,614.58,74.717,-1,-1,-1
96,35,1010.34,316.195,189.32,429.61,41.332,-1,-1,-1
96,37,449.315,438.365,113.37,257.27,43.798,-1,-1,-1
96,39,1400.0,385.0,207.45,470.74,56.772,-1,-1,-1
97,19,1584.585,262.71,270.83,614.58,78.528,-1,-1,-1
97,39,1400.275,384.63,207.45,470.74,45.898,-1,-1,-1
97,40,467.0,420.0,113.37,257.27,50.399,-1,-1,-1
98,19,1578.585,262.71,270.83,614.58,62.904,-1,-1,-1
98,39,1400.275,384.63,207.45,470.74,49.606,-1,-1,-1
98,40,467.315,437.365,113.37,257.27,56.28,-1,-1,-1
99,19,1574.585,261.71,270.83,614.58,57.225,-1,-1,-1
99,40,467.315,437.365,113.37,257.27,47.069,-1,-1,-1
99,41,1087.0,542.0,94.66,214.81,50.517,-1,-1,-1
100,19,1571.585,260.71,270.83,614.58,63.11,-1,-1,-1
100,40,467.315,438.365,113.37,257.27,51.112,-1,-1,-1
100,41,1091.415,525.935,103.17,234.13,52.488,-1,-1,-1
101,19,1570.585,259.71,270.83,614.58,61.005,-1,-1,-1
101,40,467.315,438.365,113.37,257.27,42.942,-1,-1,-1
101,42,1368.0,417.0,207.45,470.74,41.324,-1,-1,-1
102,19,1570.585,258.71,270.83,614.58,63.45,-1,-1,-1
103,19,1555.585,242.70999999999998,270.83,614.58,61.055,-1,-1,-1
103,43,472.0,431.0,103.17,234.13,44.606,-1,-1,-1
103,44,1353.0,353.0,226.74,514.53,40.116,-1,-1,-1
104,19,1544.585,229.70999999999998,270.83,614.58,65.902,-1,-1,-1
104,43,467.315,420.365,113.37,257.27,45.599,-1,-1,-1
105,19,1536.585,220.70999999999998,270.83,614.58,70.326,-1,-1,-1
105,43,467.315,432.365,113.37,257.27,40.23,-1,-1,-1
106,19,1530.585,213.70999999999998,270.83,614.58,67.666,-1,-1,-1
106,43,467.315,438.365,113.37,257.27,42.045,-1,-1,-1
107,19,1527.585,209.70999999999998,270.83,614.58,66.324,-1,-1,-1
107,43,467.315,440.365,113.37,257.27,49.484,-1,-1,-1
108,19,1525.585,206.70999999999998,270.83,614.58,59.456,-1,-1,-1
108,43,467.315,440.365,113.37,257.27,51.033,-1,-1,-1
109,19,1529.0,215.34500000000003,250.0,567.31,59.044,-1,-1,-1
109,43,467.315,440.365,113.37,257.27,50.806,-1,-1,-1
109,45,1164.0,335.0,135.42,307.29,42.373,-1,-1,-1
110,19,1524.0,218.34500000000003,250.0,567.31,62.092,-1,-1,-1
110,43,467.315,440.365,113.37,257.27,52.691,-1,-1,-1
111,19,1529.63,242.735,226.74,514.53,67.406,-1,-1,-1
111,43,457.29,425.97,123.42,280.06,50.278,-1,-1,-1
112,19,1524.63,241.735,226.74,514.53,61.081,-1,-1,-1
112,43,454.29,422.97,123.42,280.06,49.915,-1,-1,-1
113,19,1514.0,220.34500000000003,250.0,567.31,66.527,-1,-1,-1
113,43,452.29,420.97,123.42,280.06,59.656,-1,-1,-1
113,46,1242.0,296.0,270.83,614.58,50.206,-1,-1,-1
114,19,1496.585,201.70999999999998,270.83,614.58,58.518,-1,-1,-1
114,43,450.29,419.97,123.42,280.06,62.984,-1,-1,-1
114,46,1241.585,295.71,270.83,614.58,58.155,-1,-1,-1
115,19,1491.585,205.70999999999998,270.83,614.58,57.268,-1,-1,-1
115,43,449.29,418.97,123.42,280.06,55.214,-1,-1,-1
115,46,1241.585,295.71,270.83,614.58,54.1,-1,-1,-1
116,19,1488.585,208.70999999999998,270.83,614.58,51.995,-1,-1,-1
116,43,449.29,418.97,123.42,280.06,52.012,-1,-1,-1
116,46,1230.0,315.345,250.0,567.31,62.865,-1,-1,-1
117,19,1487.585,210.70999999999998,270.83,614.58,52.138,-1,-1,-1
117,43,449.29,418.97,123.42,280.06,50.808,-1,-1,-1
117,46,1203.585,293.71,270.83,614.58,72.269,-1,-1,-1
118,19,1486.585,212.70999999999998,270.83,614.58,51.221,-1,-1,-1
118,43,449.29,418.97,123.42,280.06,42.489,-1,-1,-1
118,46,1195.585,294.71,270.83,614.58,63.979,-1,-1,-1
119,19,1492.0,223.34500000000003,250.0,567.31,58.695,-1,-1,-1
119,43,449.29,418.97,123.42,280.06,44.152,-1,-1,-1
119,46,1188.0,315.345,250.0,567.31,66.496,-1,-1,-1
120,19,1488.0,213.34500000000003,250.0,567.31,63.669,-1,-1,-1
120,43,449.29,418.97,123.42,280.06,48.471,-1,-1,-1
120,46,1178.0,313.345,250.0,567.31,65.567,-1,-1,-1
121,19,1494.63,227.735,226.74,514.53,45.459,-1,-1,-1
121,43,449.29,418.97,123.42,280.06,54.492,-1,-1,-1
121,46,1156.585,291.71,270.83,614.58,51.996,-1,-1,-1
122,19,1469.0,196.34500000000003,250.0,567.31,52.47,-1,-1,-1
122,43,449.29,418.97,123.42,280.06,42.08,-1,-1,-1
122,46,1149.585,293.71,270.83,614.58,45.371,-1,-1,-1
123,19,1451.585,168.70999999999998,270.83,614.58,50.178,-1,-1,-1
123,43,450.29,418.97,123.42,280.06,50.765,-1,-1,-1
123,46,1146.585,294.71,270.83,614.58,41.142,-1,-1,-1
124,19,1454.0,191.34500000000003,250.0,567.31,57.537,-1,-1,-1
124,43,453.315,426.365,113.37,257.27,52.137,-1,-1,-1
124,46,1144.585,295.71,270.83,614.58,46.931,-1,-1,-1
125,19,1448.0,191.34500000000003,250.0,567.31,49.006,-1,-1,-1
125,43,449.29,415.97,123.42,280.06,50.328,-1,-1,-1
126,43,452.315,424.365,113.37,257.27,45.424,-1,-1,-1
126,47,1215.0,500.0,189.32,429.61,48.008,-1,-1,-1
127,47,1158.585,338.71,270.83,614.58,41.644,-1,-1,-1
127,48,432.0,419.0,123.42,280.06,46.266,-1,-1,-1
129,49,1158.0,338.0,270.83,614.58,47.417,-1,-1,-1
133,50,433.0,397.0,135.42,307.29,42.303,-1,-1,-1
134,50,432.29,399.97,123.42,280.06,44.98,-1,-1,-1
135,50,432.29,399.97,123.42,280.06,42.104,-1,-1,-1
137,51,1325.0,171.0,270.83,614.58,42.597,-1,-1,-1
138,51,1324.585,170.70999999999998,270.83,614.58,54.308,-1,-1,-1
138,52,433.0,397.0,135.42,307.29,42.651,-1,-1,-1
139,51,1324.585,170.70999999999998,270.83,614.58,55.049,-1,-1,-1
139,52,433.29,397.355,135.42,307.29,40.357,-1,-1,-1
140,51,1324.585,170.70999999999998,270.83,614.58,64.629,-1,-1,-1
140,52,434.29,403.97,123.42,280.06,45.113,-1,-1,-1
141,51,1324.585,170.70999999999998,270.83,614.58,54.14,-1,-1,-1
141,53,1074.0,492.0,226.74,514.53,42.44,-1,-1,-1
142,51,1301.585,170.70999999999998,270.83,614.58,50.328,-1,-1,-1
142,54,308.0,418.0,135.42,307.29,46.821,-1,-1,-1
142,55,1400.0,512.0,207.45,470.74,43.165,-1,-1,-1
143,51,1288.585,170.70999999999998,270.83,614.58,56.772,-1,-1,-1
143,55,1368.275,543.63,207.45,470.74,53.68,-1,-1,-1
143,56,989.0,429.0,250.0,567.31,45.167,-1,-1,-1
143,57,432.0,400.0,123.42,280.06,44.566,-1,-1,-1
144,51,1281.585,170.70999999999998,270.83,614.58,60.557,-1,-1,-1
144,55,1368.275,543.63,207.45,470.74,49.349,-1,-1,-1
145,51,1277.585,170.70999999999998,270.83,614.58,56.636,-1,-1,-1
145,58,432.0,400.0,123.42,280.06,42.574,-1,-1,-1
146,51,1275.585,170.70999999999998,270.83,614.58,50.535,-1,-1,-1
146,58,432.29,399.97,123.42,280.06,54.022,-1,-1,-1
147,51,1275.585,170.70999999999998,270.83,614.58,46.8,-1,-1,-1
147,58,432.29,399.97,123.42,280.06,46.385,-1,-1,-1
148,51,1259.585,170.70999999999998,270.83,614.58,40.892,-1,-1,-1
148,58,432.29,399.97,123.42,280.06,51.316,-1,-1,-1
148,59,29.0,313.0,250.0,567.31,45.76,-1,-1,-1
149,51,1248.585,170.70999999999998,270.83,614.58,43.463,-1,-1,-1
149,58,432.29,399.97,123.42,280.06,46.701,-1,-1,-1
150,58,430.29,392.355,135.42,307.29,48.152,-1,-1,-1
151,58,434.29,403.97,123.42,280.06,53.88,-1,-1,-1
152,58,430.29,394.355,135.42,307.29,46.281,-1,-1,-1
153,58,432.29,396.355,135.42,307.29,41.889,-1,-1,-1
155,60,182.0,313.0,250.0,567.31,42.661,-1,-1,-1
156,61,1806.0,521.0,36.723,83.333,45.172,-1,-1,-1
159,62,221.0,275.0,250.0,567.31,43.717,-1,-1,-1
160,62,235.63,317.735,226.74,514.53,50.826,-1,-1,-1
160,63,446.0,408.0,146.62,332.71,54.189,-1,-1,-1
161,62,247.0,306.345,250.0,567.31,44.873,-1,-1,-1
162,62,285.0,313.345,250.0,567.31,45.948,-1,-1,-1
166,64,1400.0,492.0,79.918,181.35,49.538,-1,-1,-1
167,64,1395.068,502.195,73.864,167.61,55.926,-1,-1,-1
168,65,1388.0,492.0,79.918,181.35,76.616,-1,-1,-1
169,65,1395.068,502.195,73.864,167.61,69.601,-1,-1,-1
170,65,1389.041,493.325,79.918,181.35,73.379,-1,-1,-1
171,65,1393.068,501.195,73.864,167.61,69.069,-1,-1,-1
172,66,1361.0,447.0,103.17,234.13,73.489,-1,-1,-1
172,67,1333.0,550.0,56.686,128.63,44.477,-1,-1,-1
173,66,1377.67,453.595,94.66,214.81,70.518,-1,-1,-1
173,67,1332.657,549.685,56.686,128.63,51.625,-1,-1,-1
173,68,1565.0,510.0,67.474,153.11,43.401,-1,-1,-1
174,66,1377.67,453.595,94.66,214.81,63.735,-1,-1,-1
174,67,1332.657,549.685,56.686,128.63,47.505,-1,-1,-1
174,68,1565.263,510.445,67.474,153.11,47.0,-1,-1,-1
175,66,1387.041,476.325,79.918,181.35,64.548,-1,-1,-1
175,68,1572.263,510.445,67.474,153.11,46.575,-1,-1,-1
176,66,1394.068,488.195,73.864,167.61,57.041,-1,-1,-1
176,69,1535.0,381.0,123.42,280.06,47.401,-1,-1,-1
176,70,1333.0,550.0,56.686,128.63,45.542,-1,-1,-1
177,66,1402.068,491.195,73.864,167.61,53.058,-1,-1,-1
177,69,1535.29,380.97,123.42,280.06,42.273,-1,-1,-1
178,66,1406.068,498.195,73.864,167.61,64.024,-1,-1,-1
178,69,1535.29,380.97,123.42,280.06,47.987,-1,-1,-1
178,71,1342.0,550.0,56.686,128.63,44.409,-1,-1,-1
179,66,1411.263,510.445,67.474,153.11,56.992,-1,-1,-1
179,69,1546.315,399.365,113.37,257.27,41.112,-1,-1,-1
179,72,1342.0,550.0,56.686,128.63,52.297,-1,-1,-1
180,66,1412.263,513.4449999999999,67.474,153.11,67.511,-1,-1,-1
180,69,1550.29,384.97,123.42,280.06,57.429,-1,-1,-1
180,73,1342.0,550.0,56.686,128.63,42.304,-1,-1,-1
181,66,1409.068,507.195,73.864,167.61,80.758,-1,-1,-1
181,69,1554.29,382.97,123.42,280.06,60.594,-1,-1,-1
182,66,1412.263,511.445,67.474,153.11,82.487,-1,-1,-1
182,69,1565.315,398.365,113.37,257.27,49.455,-1,-1,-1
183,66,1409.068,504.195,73.864,167.61,74.0,-1,-1,-1
183,69,1569.315,401.365,113.37,257.27,46.775,-1,-1,-1
184,69,1571.29,386.97,123.42,280.06,50.277,-1,-1,-1
184,74,1406.0,502.0,73.864,167.61,68.25,-1,-1,-1
184,75,1351.0,550.0,56.686,128.63,53.821,-1,-1,-1
185,69,1575.29,384.97,123.42,280.06,50.986,-1,-1,-1
185,74,1406.068,490.195,73.864,167.61,70.395,-1,-1,-1
185,75,1350.657,549.685,56.686,128.63,51.403,-1,-1,-1
186,69,1577.29,382.97,123.42,280.06,49.606,-1,-1,-1
186,74,1413.068,498.195,73.864,167.61,62.973,-1,-1,-1
186,75,1356.657,549.685,56.686,128.63,40.901,-1,-1,-1
187,69,1578.29,381.97,123.42,280.06,54.718,-1,-1,-1
187,74,1410.068,494.195,73.864,167.61,57.847,-1,-1,-1
187,75,1358.657,549.685,56.686,128.63,45.849,-1,-1,-1
188,69,1579.29,380.97,123.42,280.06,58.31,-1,-1,-1
188,74,1410.041,490.325,79.918,181.35,64.02,-1,-1,-1
188,75,1359.657,549.685,56.686,128.63,49.005,-1,-1,-1
188,76,47.0,246.0,175.68,398.65,59.5,-1,-1,-1
189,69,1579.29,380.97,123.42,280.06,48.698,-1,-1,-1
189,74,1412.081,477.34000000000003,87.838,199.32,67.59,-1,-1,-1
189,76,68.08,248.65,159.84,362.7,48.685,-1,-1,-1
190,74,1415.041,483.325,79.918,181.35,68.214,-1,-1,-1
190,77,507.0,381.0,175.68,398.65,49.981,-1,-1,-1
190,78,1602.0,385.0,113.37,257.27,42.927,-1,-1,-1
191,74,1414.081,473.34000000000003,87.838,199.32,65.104,-1,-1,-1
191,77,507.15999999999997,380.675,175.68,398.65,46.642,-1,-1,-1
191,78,1599.415,398.935,103.17,234.13,47.998,-1,-1,-1
192,74,1416.081,473.34000000000003,87.838,199.32,60.869,-1,-1,-1
192,78,1599.415,398.935,103.17,234.13,51.717,-1,-1,-1
193,74,1422.068,489.195,73.864,167.61,61.993,-1,-1,-1
193,78,1591.29,378.97,123.42,280.06,44.236,-1,-1,-1
194,78,1600.315,387.365,113.37,257.27,45.116,-1,-1,-1
194,79,1392.0,447.0,103.17,234.13,56.831,-1,-1,-1
194,80,1367.0,531.0,67.474,153.11,44.944,-1,-1,-1
195,78,1602.315,386.365,113.37,257.27,48.96,-1,-1,-1
195,79,1392.415,446.935,103.17,234.13,64.247,-1,-1,-1
196,78,1612.415,397.935,103.17,234.13,44.152,-1,-1,-1
196,81,1422.0,469.0,94.66,214.81,69.293,-1,-1,-1
196,82,1378.0,531.0,67.474,153.11,53.984,-1,-1,-1
197,78,1606.315,385.365,113.37,257.27,43.891,-1,-1,-1
197,81,1421.67,468.595,94.66,214.81,65.423,-1,-1,-1
197,82,1372.068,524.1949999999999,73.864,167.61,47.988,-1,-1,-1
197,83,198.0,213.0,270.83,614.58,53.44,-1,-1,-1
198,81,1421.67,468.595,94.66,214.81,73.138,-1,-1,-1
198,83,197.585,212.70999999999998,270.83,614.58,49.046,-1,-1,-1
199,81,1411.415,450.935,103.17,234.13,77.899,-1,-1,-1
199,83,225.585,240.70999999999998,270.83,614.58,55.697,-1,-1,-1
199,84,1615.0,399.0,103.17,234.13,48.387,-1,-1,-1
200,81,1418.67,464.595,94.66,214.81,84.081,-1,-1,-1
200,83,256.0,250.34500000000003,250.0,567.31,44.528,-1,-1,-1
201,81,1426.081,481.34000000000003,87.838,199.32,80.623,-1,-1,-1
201,83,297.63,280.735,226.74,514.53,41.734,-1,-1,-1
201,85,1611.0,381.0,123.42,280.06,46.512,-1,-1,-1
202,81,1429.67,472.595,94.66,214.81,66.337,-1,-1,-1
202,85,1611.29,380.97,123.42,280.06,48.462,-1,-1,-1
203,81,1433.67,471.595,94.66,214.81,66.527,-1,-1,-1
203,85,1627.415,400.935,103.17,234.13,45.076,-1,-1,-1
204,81,1436.67,470.595,94.66,214.81,59.023,-1,-1,-1
204,85,1630.415,398.935,103.17,234.13,40.456,-1,-1,-1
205,81,1437.415,455.935,103.17,234.13,72.356,-1,-1,-1
205,86,409.0,32.0,33.737,76.557,51.065,-1,-1,-1
206,81,1440.415,451.935,103.17,234.13,77.378,-1,-1,-1
206,87,1654.0,385.0,113.37,257.27,51.171,-1,-1,-1
206,88,1408.0,463.0,103.17,234.13,41.766,-1,-1,-1
207,81,1442.415,448.935,103.17,234.13,75.107,-1,-1,-1
207,87,1654.315,385.365,113.37,257.27,45.74,-1,-1,-1
208,81,1435.315,436.365,113.37,257.27,72.059,-1,-1,-1
208,87,1654.315,385.365,113.37,257.27,46.438,-1,-1,-1
209,81,1441.415,446.935,103.17,234.13,73.312,-1,-1,-1
210,81,1442.415,445.935,103.17,234.13,82.93,-1,-1,-1
210,89,633.0,354.0,189.32,429.61,51.166,-1,-1,-1
210,90,1662.0,399.0,103.17,234.13,41.23,-1,-1,-1
211,81,1442.415,444.935,103.17,234.13,76.206,-1,-1,-1
211,90,1671.315,385.365,113.37,257.27,52.065,-1,-1,-1
211,91,1472.0,463.0,103.17,234.13,49.484,-1,-1,-1
211,92,935.0,545.0,28.302,64.224,46.976,-1,-1,-1
211,93,1419.0,541.0,67.474,153.11,46.084,-1,-1,-1
212,81,1440.315,434.365,113.37,257.27,70.023,-1,-1,-1
212,90,1671.315,385.365,113.37,257.27,46.499,-1,-1,-1
212,94,559.0,273.0,146.62,332.71,51.453,-1,-1,-1
213,81,1442.315,435.365,113.37,257.27,76.788,-1,-1,-1
213,90,1671.315,385.365,113.37,257.27,55.463,-1,-1,-1
213,94,558.29,293.355,135.42,307.29,58.166,-1,-1,-1
214,81,1444.315,436.365,113.37,257.27,84.097,-1,-1,-1
214,90,1677.415,397.935,103.17,234.13,53.088,-1,-1,-1
214,94,519.0,212.34500000000003,250.0,567.31,54.66,-1,-1,-1
215,81,1445.315,437.365,113.37,257.27,84.84,-1,-1,-1
215,90,1677.415,398.935,103.17,234.13,52.719,-1,-1,-1
215,94,527.585,240.70999999999998,270.83,614.58,50.064,-1,-1,-1
215,95,955.0,460.0,135.42,307.29,46.466,-1,-1,-1
216,81,1446.315,437.365,113.37,257.27,89.303,-1,-1,-1
216,90,1677.415,398.935,103.17,234.13,57.099,-1,-1,-1
216,94,561.585,263.71,270.83,614.58,51.152,-1,-1,-1
216,95,965.69,430.645,146.62,332.71,47.657,-1,-1,-1
217,81,1446.315,437.365,113.37,257.27,90.307,-1,-1,-1
217,90,1677.415,398.935,103.17,234.13,61.208,-1,-1,-1
217,94,578.585,271.71,270.83,614.58,52.028,-1,-1,-1
217,95,974.29,454.355,135.42,307.29,47.666,-1,-1,-1
218,81,1452.315,437.365,113.37,257.27,87.092,-1,-1,-1
218,90,1677.415,398.935,103.17,234.13,55.518,-1,-1,-1
218,94,607.0,296.345,250.0,567.31,61.087,-1,-1,-1
218,96,1596.0,425.0,94.66,214.81,48.964,-1,-1,-1
219,81,1457.315,437.365,113.37,257.27,85.924,-1,-1,-1
219,90,1677.415,398.935,103.17,234.13,59.739,-1,-1,-1
219,94,617.0,295.345,250.0,567.31,68.858,-1,-1,-1
219,96,1599.415,414.935,103.17,234.13,67.459,-1,-1,-1
220,81,1461.315,437.365,113.37,257.27,89.888,-1,-1,-1
220,90,1684.415,398.935,103.17,234.13,68.132,-1,-1,-1
220,94,622.0,294.345,250.0,567.31,63.273,-1,-1,-1
220,96,1599.415,414.935,103.17,234.13,47.111,-1,-1,-1
221,81,1463.315,437.365,113.37,257.27,93.235,-1,-1,-1
221,90,1683.415,398.935,103.17,234.13,59.088,-1,-1,-1
221,94,639.0,292.345,250.0,567.31,64.911,-1,-1,-1
221,96,1599.415,414.935,103.17,234.13,42.631,-1,-1,-1
222,81,1464.315,437.365,113.37,257.27,88.537,-1,-1,-1
222,90,1682.415,398.935,103.17,234.13,58.389,-1,-1,-1
222,94,650.0,290.345,250.0,567.31,72.395,-1,-1,-1
223,81,1465.315,437.365,113.37,257.27,75.8,-1,-1,-1
223,90,1681.415,398.935,103.17,234.13,51.884,-1,-1,-1
223,94,671.0,287.345,250.0,567.31,79.974,-1,-1,-1
223,97,1146.0,363.0,146.62,332.71,42.619,-1,-1,-1
223,98,198.0,296.0,270.83,614.58,40.067,-1,-1,-1
224,81,1465.315,437.365,113.37,257.27,74.583,-1,-1,-1
224,90,1680.415,398.935,103.17,234.13,46.527,-1,-1,-1
224,94,685.0,285.345,250.0,567.31,96.367,-1,-1,-1
224,98,197.585,337.71,270.83,614.58,45.305,-1,-1,-1
224,99,536.0,290.0,207.45,470.74,42.358,-1,-1,-1
225,81,1477.415,447.935,103.17,234.13,75.705,-1,-1,-1
225,90,1680.315,386.365,113.37,257.27,53.192,-1,-1,-1
225,94,694.0,283.345,250.0,567.31,104.36,-1,-1,-1
225,98,197.585,337.71,270.83,614.58,53.212,-1,-1,-1
225,100,1461.0,541.0,67.474,153.11,44.466,-1,-1,-1
226,81,1488.67,461.595,94.66,214.81,75.206,-1,-1,-1
226,94,720.63,300.735,226.74,514.53,94.062,-1,-1,-1
226,98,225.585,337.71,270.83,614.58,54.11,-1,-1,-1
226,101,1710.0,399.0,103.17,234.13,54.7,-1,-1,-1
226,102,1471.0,541.0,67.474,153.11,48.789,-1,-1,-1
227,81,1488.415,456.935,103.17,234.13,76.271,-1,-1,-1
227,94,730.63,293.735,226.74,514.53,97.99,-1,-1,-1
227,98,239.585,337.71,270.83,614.58,52.06,-1,-1,-1
227,101,1710.415,398.935,103.17,234.13,54.967,-1,-1,-1
228,81,1496.415,459.935,103.17,234.13,87.936,-1,-1,-1
228,94,756.275,304.63,207.45,470.74,77.529,-1,-1,-1
228,98,245.585,313.71,270.83,614.58,63.143,-1,-1,-1
228,101,1710.415,398.935,103.17,234.13,60.688,-1,-1,-1
228,103,323.0,338.0,270.83,614.58,58.273,-1,-1,-1
228,104,1472.0,447.0,103.17,234.13,47.711,-1,-1,-1
228,105,1175.0,347.0,159.84,362.7,42.118,-1,-1,-1
229,81,1502.415,461.935,103.17,234.13,85.635,-1,-1,-1
229,94,759.63,279.735,226.74,514.53,69.417,-1,-1,-1
229,101,1710.415,398.935,103.17,234.13,51.904,-1,-1,-1
229,103,322.58500000000004,296.71,270.83,614.58,68.001,-1,-1,-1
229,106,1471.0,552.0,67.474,153.11,42.16,-1,-1,-1
230,81,1506.415,463.935,103.17,234.13,86.204,-1,-1,-1
230,94,760.0,258.345,250.0,567.31,71.527,-1,-1,-1
230,101,1722.67,400.595,94.66,214.81,44.451,-1,-1,-1
230,103,322.58500000000004,295.71,270.83,614.58,62.663,-1,-1,-1
230,107,1482.0,552.0,67.474,153.11,47.88,-1,-1,-1
231,81,1502.315,448.365,113.37,257.27,81.536,-1,-1,-1
231,94,793.275,299.63,207.45,470.74,63.458,-1,-1,-1
231,101,1724.415,393.935,103.17,234.13,53.513,-1,-1,-1
231,103,322.58500000000004,295.71,270.83,614.58,59.962,-1,-1,-1
231,108,407.0,338.0,270.83,614.58,43.512,-1,-1,-1
232,81,1503.315,445.365,113.37,257.27,70.853,-1,-1,-1
232,94,795.63,277.735,226.74,514.53,60.301,-1,-1,-1
232,101,1727.415,395.935,103.17,234.13,65.03,-1,-1,-1
232,103,322.58500000000004,295.71,270.83,614.58,45.317,-1,-1,-1
232,108,406.58500000000004,337.71,270.83,614.58,64.146,-1,-1,-1
233,81,1503.315,442.365,113.37,257.27,87.936,-1,-1,-1
233,94,797.0,258.345,250.0,567.31,49.331,-1,-1,-1
233,101,1738.67,407.595,94.66,214.81,50.472,-1,-1,-1
233,103,322.58500000000004,295.71,270.83,614.58,43.076,-1,-1,-1
233,108,406.58500000000004,337.71,270.83,614.58,84.531,-1,-1,-1
234,81,1502.315,440.365,113.37,257.27,94.034,-1,-1,-1
234,94,828.275,300.63,207.45,470.74,48.588,-1,-1,-1
234,101,1740.415,398.935,103.17,234.13,62.142,-1,-1,-1
234,103,322.58500000000004,295.71,270.83,614.58,44.837,-1,-1,-1
234,108,406.58500000000004,337.71,270.83,614.58,75.731,-1,-1,-1
234,109,1532.0,455.0,113.37,257.27,40.591,-1,-1,-1
235,81,1507.315,439.365,113.37,257.27,83.365,-1,-1,-1
235,94,830.63,279.735,226.74,514.53,66.657,-1,-1,-1
235,101,1743.415,398.935,103.17,234.13,66.247,-1,-1,-1
235,108,406.58500000000004,337.71,270.83,614.58,72.287,-1,-1,-1
235,110,490.0,296.0,270.83,614.58,46.983,-1,-1,-1
236,81,1511.315,438.365,113.37,257.27,70.085,-1,-1,-1
236,94,837.63,280.735,226.74,514.53,64.909,-1,-1,-1
236,101,1751.415,398.935,103.17,234.13,69.253,-1,-1,-1
236,108,406.58500000000004,313.71,270.83,614.58,63.546,-1,-1,-1
236,110,489.58500000000004,337.71,270.83,614.58,52.833,-1,-1,-1
236,111,1237.0,363.0,146.62,332.71,43.664,-1,-1,-1
237,81,1514.315,437.365,113.37,257.27,66.071,-1,-1,-1
237,94,854.63,280.735,226.74,514.53,48.563,-1,-1,-1
237,101,1756.415,398.935,103.17,234.13,62.296,-1,-1,-1
237,108,406.58500000000004,322.71,270.83,614.58,46.289,-1,-1,-1
237,110,489.58500000000004,309.71,270.83,614.58,49.497,-1,-1,-1
237,111,1236.69,362.645,146.62,332.71,47.687,-1,-1,-1
238,81,1526.415,452.935,103.17,234.13,68.583,-1,-1,-1
238,94,865.63,281.735,226.74,514.53,53.364,-1,-1,-1
238,110,462.58500000000004,295.71,270.83,614.58,50.615,-1,-1,-1
238,112,1757.0,399.0,103.17,234.13,55.32,-1,-1,-1
239,81,1535.67,469.595,94.66,214.81,67.709,-1,-1,-1
239,94,872.63,281.735,226.74,514.53,61.17,-1,-1,-1
239,112,1757.415,398.935,103.17,234.13,43.305,-1,-1,-1
239,113,528.0,313.0,250.0,567.31,61.306,-1,-1,-1
240,81,1539.67,475.595,94.66,214.81,53.325,-1,-1,-1
240,94,880.275,298.63,207.45,470.74,55.809,-1,-1,-1
240,112,1747.415,398.935,103.17,234.13,48.881,-1,-1,-1
240,113,490.58500000000004,295.71,270.83,614.58,61.779,-1,-1,-1
240,114,728.0,290.0,207.45,470.74,46.34,-1,-1,-1
240,115,1259.0,363.0,146.62,332.71,43.581,-1,-1,-1
241,81,1524.29,435.97,123.42,280.06,49.016,-1,-1,-1
241,94,888.275,294.63,207.45,470.74,67.811,-1,-1,-1
241,112,1742.415,398.935,103.17,234.13,43.403,-1,-1,-1
241,113,518.585,295.71,270.83,614.58,60.68,-1,-1,-1
241,115,1258.69,362.645,146.62,332.71,40.547,-1,-1,-1
242,81,1523.29,429.97,123.42,280.06,46.65,-1,-1,-1
242,94,890.63,275.735,226.74,514.53,45.924,-1,-1,-1
242,112,1749.415,398.935,103.17,234.13,44.401,-1,-1,-1
242,113,532.585,295.71,270.83,614.58,53.174,-1,-1,-1
243,81,1522.29,425.97,123.42,280.06,51.615,-1,-1,-1
243,94,911.63,277.735,226.74,514.53,43.143,-1,-1,-1
243,112,1753.415,398.935,103.17,234.13,45.102,-1,-1,-1
243,113,539.0,315.345,250.0,567.31,67.92,-1,-1,-1
244,81,1521.29,421.97,123.42,280.06,56.749,-1,-1,-1
244,94,940.275,295.63,207.45,470.74,65.539,-1,-1,-1
244,113,536.0,313.345,250.0,567.31,73.255,-1,-1,-1
244,116,1742.0,399.0,103.17,234.13,58.0,-1,-1,-1
244,117,616.0,296.0,270.83,614.58,54.134,-1,-1,-1
245,94,940.63,276.735,226.74,514.53,83.904,-1,-1,-1
245,113,533.0,312.345,250.0,567.31,70.094,-1,-1,-1
245,116,1756.415,398.935,103.17,234.13,59.209,-1,-1,-1
245,117,643.0,313.345,250.0,567.31,43.84,-1,-1,-1
245,118,1553.0,483.0,94.66,214.81,59.667,-1,-1,-1
246,94,970.275,295.63,207.45,470.74,92.475,-1,-1,-1
246,113,549.0,312.345,250.0,567.31,63.761,-1,-1,-1
246,116,1756.415,398.935,103.17,234.13,70.648,-1,-1,-1
246,117,669.0,313.345,250.0,567.31,48.659,-1,-1,-1
246,118,1532.315,438.365,113.37,257.27,69.146,-1,-1,-1
246,119,920.0,322.0,207.45,470.74,50.174,-1,-1,-1
246,120,1567.0,455.0,113.37,257.27,43.107,-1,-1,-1
247,94,972.63,276.735,226.74,514.53,107.3,-1,-1,-1
247,113,559.0,312.345,250.0,567.31,54.694,-1,-1,-1
247,116,1756.415,398.935,103.17,234.13,72.448,-1,-1,-1
247,117,682.0,313.345,250.0,567.31,61.927,-1,-1,-1
247,118,1519.29,421.97,123.42,280.06,71.644,-1,-1,-1
247,120,1567.315,455.365,113.37,257.27,43.579,-1,-1,-1
247,121,1282.0,363.0,146.62,332.71,47.359,-1,-1,-1
248,94,991.275,295.63,207.45,470.74,87.094,-1,-1,-1
248,113,580.63,343.735,226.74,514.53,53.913,-1,-1,-1
248,116,1767.415,398.935,103.17,234.13,61.661,-1,-1,-1
248,117,711.0,313.345,250.0,567.31,63.775,-1,-1,-1
248,118,1528.29,418.97,123.42,280.06,73.64,-1,-1,-1
249,94,997.275,304.63,207.45,470.74,72.684,-1,-1,-1
249,113,587.0,316.345,250.0,567.31,55.969,-1,-1,-1
249,116,1772.415,398.935,103.17,234.13,61.328,-1,-1,-1
249,117,746.0,313.345,250.0,567.31,77.742,-1,-1,-1
249,118,1533.29,417.97,123.42,280.06,69.95,-1,-1,-1
249,122,1214.0,385.0,146.62,332.71,48.865,-1,-1,-1
250,94,1000.63,283.735,226.74,514.53,69.785,-1,-1,-1
250,113,599.63,346.735,226.74,514.53,55.166,-1,-1,-1
250,116,1775.415,398.935,103.17,234.13,73.721,-1,-1,-1
250,117,745.0,313.345,250.0,567.31,66.826,-1,-1,-1
250,118,1536.29,417.97,123.42,280.06,72.206,-1,-1,-1
250,122,1213.69,384.645,146.62,332.71,44.271,-1,-1,-1
250,123,940.0,354.0,175.68,398.65,45.978,-1,-1,-1
251,94,1009.63,284.735,226.74,514.53,73.465,-1,-1,-1
251,113,611.63,349.735,226.74,514.53,57.948,-1,-1,-1
251,116,1776.415,398.935,103.17,234.13,80.756,-1,-1,-1
251,117,760.0,313.345,250.0,567.31,77.678,-1,-1,-1
251,118,1538.315,433.365,113.37,257.27,66.55,-1,-1,-1
251,122,1213.69,384.645,146.62,332.71,46.288,-1,-1,-1
251,124,1567.0,455.0,113.37,257.27,49.358,-1,-1,-1
252,94,1025.275,301.63,207.45,470.74,79.114,-1,-1,-1
252,113,632.63,351.735,226.74,514.53,57.3,-1,-1,-1
252,116,1776.415,398.935,103.17,234.13,72.66,-1,-1,-1
252,117,769.0,313.345,250.0,567.31,83.759,-1,-1,-1
252,118,1536.315,435.365,113.37,257.27,62.552,-1,-1,-1
252,124,1567.315,455.365,113.37,257.27,42.842,-1,-1,-1
253,94,1042.34,323.195,189.32,429.61,76.126,-1,-1,-1
253,113,647.63,352.735,226.74,514.53,52.499,-1,-1,-1
253,116,1783.415,398.935,103.17,234.13,78.832,-1,-1,-1
253,117,773.0,313.345,250.0,567.31,85.146,-1,-1,-1
253,118,1534.315,436.365,113.37,257.27,65.2,-1,-1,-1
253,124,1567.315,455.365,113.37,257.27,41.455,-1,-1,-1
254,94,1044.275,309.63,207.45,470.74,68.907,-1,-1,-1
254,116,1787.415,398.935,103.17,234.13,84.901,-1,-1,-1
254,117,795.63,330.735,226.74,514.53,80.466,-1,-1,-1
254,118,1533.315,437.365,113.37,257.27,63.18,-1,-1,-1
254,124,1569.29,439.97,123.42,280.06,43.167,-1,-1,-1
255,94,1052.275,315.63,207.45,470.74,62.137,-1,-1,-1
255,116,1790.415,398.935,103.17,234.13,73.72,-1,-1,-1
255,117,797.0,306.345,250.0,567.31,87.098,-1,-1,-1
255,118,1532.315,438.365,113.37,257.27,61.936,-1,-1,-1
256,94,1068.275,319.63,207.45,470.74,58.528,-1,-1,-1
256,116,1792.415,398.935,103.17,234.13,67.917,-1,-1,-1
256,117,819.0,308.345,250.0,567.31,78.4,-1,-1,-1
256,118,1532.315,438.365,113.37,257.27,63.767,-1,-1,-1
256,125,696.0,353.0,207.45,470.74,59.288,-1,-1,-1
257,94,1079.275,322.63,207.45,470.74,61.964,-1,-1,-1
257,116,1793.415,398.935,103.17,234.13,63.998,-1,-1,-1
257,117,834.0,309.345,250.0,567.31,79.155,-1,-1,-1
257,118,1532.315,438.365,113.37,257.27,65.681,-1,-1,-1
257,125,696.275,352.63,207.45,470.74,68.849,-1,-1,-1
258,94,1110.08,358.65,159.84,362.7,61.491,-1,-1,-1
258,116,1793.415,398.935,103.17,234.13,57.501,-1,-1,-1
258,117,844.0,310.345,250.0,567.31,82.184,-1,-1,-1
258,118,1532.315,445.365,113.37,257.27,56.524,-1,-1,-1
258,125,717.275,352.63,207.45,470.74,89.863,-1,-1,-1
259,94,1122.08,344.65,159.84,362.7,66.924,-1,-1,-1
259,116,1799.67,409.595,94.66,214.81,52.629,-1,-1,-1
259,117,863.0,311.345,250.0,567.31,80.833,-1,-1,-1
259,118,1532.315,444.365,113.37,257.27,58.283,-1,-1,-1
259,125,728.275,352.63,207.45,470.74,71.624,-1,-1,-1
260,94,1130.08,333.65,159.84,362.7,69.906,-1,-1,-1
260,116,1806.67,409.595,94.66,214.81,57.255,-1,-1,-1
260,117,876.0,312.345,250.0,567.31,68.837,-1,-1,-1
260,118,1532.315,443.365,113.37,257.27,63.058,-1,-1,-1
260,125,752.275,352.63,207.45,470.74,80.602,-1,-1,-1
261,94,1126.34,305.195,189.32,429.61,53.508,-1,-1,-1
261,116,1811.67,409.595,94.66,214.81,59.796,-1,-1,-1
261,117,900.63,343.735,226.74,514.53,63.008,-1,-1,-1
261,118,1536.415,457.935,103.17,234.13,63.207,-1,-1,-1
261,125,763.275,352.63,207.45,470.74,104.1,-1,-1,-1
261,126,1646.0,478.0,103.17,234.13,43.114,-1,-1,-1
262,94,1122.275,295.63,207.45,470.74,58.055,-1,-1,-1
262,116,1814.67,409.595,94.66,214.81,59.085,-1,-1,-1
262,117,921.63,347.735,226.74,514.53,58.694,-1,-1,-1
262,118,1535.415,460.935,103.17,234.13,68.206,-1,-1,-1
262,125,768.275,352.63,207.45,470.74,101.81,-1,-1,-1
262,127,1324.0,576.0,56.686,128.63,51.032,-1,-1,-1
263,94,1124.275,304.63,207.45,470.74,56.661,-1,-1,-1
263,116,1821.67,409.595,94.66,214.81,51.806,-1,-1,-1
263,117,936.63,338.735,226.74,514.53,57.9,-1,-1,-1
263,118,1535.415,462.935,103.17,234.13,67.057,-1,-1,-1
263,125,785.275,352.63,207.45,470.74,82.295,-1,-1,-1
263,128,1671.0,529.0,79.918,181.35,57.38,-1,-1,-1
264,94,1124.275,312.63,207.45,470.74,66.695,-1,-1,-1
264,116,1826.67,409.595,94.66,214.81,60.4,-1,-1,-1
264,117,930.0,312.345,250.0,567.31,67.279,-1,-1,-1
264,118,1530.315,447.365,113.37,257.27,74.933,-1,-1,-1
264,125,795.275,352.63,207.45,470.74,78.347,-1,-1,-1
264,129,1683.0,529.0,79.918,181.35,47.062,-1,-1,-1
265,94,1135.275,317.63,207.45,470.74,65.851,-1,-1,-1
265,116,1830.67,409.595,94.66,214.81,51.628,-1,-1,-1
265,117,947.63,343.735,226.74,514.53,69.141,-1,-1,-1
265,118,1530.315,444.365,113.37,257.27,75.668,-1,-1,-1
265,125,801.275,352.63,207.45,470.74,75.401,-1,-1,-1
265,130,1683.0,529.0,79.918,181.35,56.401,-1,-1,-1
266,94,1143.275,321.63,207.45,470.74,58.28,-1,-1,-1
266,116,1832.67,409.595,94.66,214.81,46.997,-1,-1,-1
266,117,974.275,361.63,207.45,470.74,61.537,-1,-1,-1
266,118,1531.315,441.365,113.37,257.27,73.314,-1,-1,-1
266,125,817.275,352.63,207.45,470.74,82.308,-1,-1,-1
266,131,1695.0,542.0,79.918,181.35,59.498,-1,-1,-1
267,94,1172.16,348.675,175.68,398.65,58.347,-1,-1,-1
267,117,974.63,331.735,226.74,514.53,75.17,-1,-1,-1
267,118,1531.315,439.365,113.37,257.27,68.863,-1,-1,-1
267,125,827.275,352.63,207.45,470.74,71.982,-1,-1,-1
267,131,1695.041,542.325,79.918,181.35,51.557,-1,-1,-1
268,94,1168.275,316.63,207.45,470.74,61.812,-1,-1,-1
268,117,980.63,325.735,226.74,514.53,67.845,-1,-1,-1
268,118,1531.315,438.365,113.37,257.27,75.035,-1,-1,-1
268,125,845.275,352.63,207.45,470.74,57.488,-1,-1,-1
269,94,1190.16,344.675,175.68,398.65,58.444,-1,-1,-1
269,117,1006.275,347.63,207.45,470.74,53.582,-1,-1,-1
269,118,1531.315,437.365,113.37,257.27,65.744,-1,-1,-1
269,125,866.34,366.195,189.32,429.61,55.567,-1,-1,-1
270,94,1180.275,313.63,207.45,470.74,62.423,-1,-1,-1
270,117,1017.275,348.63,207.45,470.74,58.015,-1,-1,-1
270,118,1531.315,437.365,113.37,257.27,64.827,-1,-1,-1
270,125,874.34,361.195,189.32,429.61,53.667,-1,-1,-1
270,132,1713.0,536.0,73.864,167.61,43.222,-1,-1,-1
271,94,1184.275,316.63,207.45,470.74,64.029,-1,-1,-1
271,117,1035.275,349.63,207.45,470.74,72.29,-1,-1,-1
271,118,1531.315,437.365,113.37,257.27,56.539,-1,-1,-1
271,125,881.275,343.63,207.45,470.74,55.696,-1,-1,-1
271,133,1829.0,410.0,94.66,214.81,40.119,-1,-1,-1
272,94,1186.275,319.63,207.45,470.74,63.958,-1,-1,-1
272,117,1048.275,350.63,207.45,470.74,66.566,-1,-1,-1
272,118,1537.315,437.365,113.37,257.27,59.133,-1,-1,-1
272,125,892.275,346.63,207.45,470.74,50.587,-1,-1,-1
273,94,1206.34,336.195,189.32,429.61,61.722,-1,-1,-1
273,117,1059.63,324.735,226.74,514.53,62.8,-1,-1,-1
273,118,1542.315,437.365,113.37,257.27,55.737,-1,-1,-1
273,125,907.34,373.195,189.32,429.61,51.69,-1,-1,-1
273,134,1836.0,420.0,87.838,199.32,45.681,-1,-1,-1
274,94,1214.34,332.195,189.32,429.61,63.106,-1,-1,-1
274,117,1082.275,347.63,207.45,470.74,77.067,-1,-1,-1
274,125,913.275,353.63,207.45,470.74,48.371,-1,-1,-1
274,134,1843.67,409.595,94.66,214.81,42.588,-1,-1,-1
274,135,1572.0,505.0,79.918,181.35,64.012,-1,-1,-1
275,94,1219.34,329.195,189.32,429.61,62.268,-1,-1,-1
275,117,1091.275,348.63,207.45,470.74,87.358,-1,-1,-1
275,125,930.34,378.195,189.32,429.61,60.75,-1,-1,-1
275,135,1572.041,505.325,79.918,181.35,73.863,-1,-1,-1
276,94,1243.69,363.645,146.62,332.71,62.132,-1,-1,-1
276,117,1095.275,349.63,207.45,470.74,86.474,-1,-1,-1
276,125,935.34,381.195,189.32,429.61,49.577,-1,-1,-1
276,135,1575.081,490.34000000000003,87.838,199.32,71.579,-1,-1,-1
277,94,1252.29,359.355,135.42,307.29,55.456,-1,-1,-1
277,117,1108.275,350.63,207.45,470.74,85.817,-1,-1,-1
277,125,930.275,359.63,207.45,470.74,42.428,-1,-1,-1
277,135,1566.315,444.365,113.37,257.27,75.133,-1,-1,-1
278,94,1254.69,339.645,146.62,332.71,56.081,-1,-1,-1
278,117,1117.275,351.63,207.45,470.74,99.887,-1,-1,-1
278,125,949.34,371.195,189.32,429.61,57.211,-1,-1,-1
278,135,1568.315,436.365,113.37,257.27,71.032,-1,-1,-1
279,117,1122.275,352.63,207.45,470.74,98.948,-1,-1,-1
279,125,950.275,350.63,207.45,470.74,62.235,-1,-1,-1
279,135,1569.315,433.365,113.37,257.27,62.153,-1,-1,-1
279,136,1281.0,339.0,87.838,199.32,46.453,-1,-1,-1
280,117,1136.275,353.63,207.45,470.74,107.67,-1,-1,-1
280,125,956.275,350.63,207.45,470.74,41.972,-1,-1,-1
280,137,1599.0,524.0,73.864,167.61,62.315,-1,-1,-1
280,138,1208.0,322.0,207.45,470.74,56.873,-1,-1,-1
281,117,1146.275,353.63,207.45,470.74,113.4,-1,-1,-1
281,125,976.34,365.195,189.32,429.61,40.105,-1,-1,-1
281,137,1592.081,501.34000000000003,87.838,199.32,56.159,-1,-1,-1
281,138,1208.275,321.63,207.45,470.74,61.419,-1,-1,-1
282,117,1152.275,353.63,207.45,470.74,120.87,-1,-1,-1
282,125,984.34,360.195,189.32,429.61,51.093,-1,-1,-1
282,137,1597.041,506.325,79.918,181.35,40.356,-1,-1,-1
282,138,1208.275,321.63,207.45,470.74,56.328,-1,-1,-1
283,117,1167.275,353.63,207.45,470.74,118.33,-1,-1,-1
283,125,999.34,356.195,189.32,429.61,52.116,-1,-1,-1
283,138,1229.275,321.63,207.45,470.74,46.464,-1,-1,-1
283,139,1112.0,322.0,207.45,470.74,50.025,-1,-1,-1
284,117,1177.275,353.63,207.45,470.74,109.36,-1,-1,-1
284,125,1018.16,373.675,175.68,398.65,69.927,-1,-1,-1
284,138,1240.275,321.63,207.45,470.74,44.814,-1,-1,-1
285,117,1183.275,353.63,207.45,470.74,91.417,-1,-1,-1
285,125,1026.16,374.675,175.68,398.65,67.211,-1,-1,-1
285,138,1244.275,321.63,207.45,470.74,56.413,-1,-1,-1
286,117,1206.34,367.195,189.32,429.61,88.703,-1,-1,-1
286,125,1047.08,384.65,159.84,362.7,57.039,-1,-1,-1
287,117,1208.275,347.63,207.45,470.74,72.79,-1,-1,-1
287,125,1042.34,350.195,189.32,429.61,62.162,-1,-1,-1
288,117,1215.275,348.63,207.45,470.74,83.362,-1,-1,-1
288,125,1055.16,369.675,175.68,398.65,69.069,-1,-1,-1
289,117,1219.275,349.63,207.45,470.74,74.768,-1,-1,-1
289,125,1059.16,373.675,175.68,398.65,94.468,-1,-1,-1
289,140,1272.0,322.0,207.45,470.74,62.943,-1,-1,-1
290,117,1232.275,350.63,207.45,470.74,76.406,-1,-1,-1
290,125,1060.16,376.675,175.68,398.65,85.589,-1,-1,-1
291,117,1241.275,351.63,207.45,470.74,82.307,-1,-1,-1
291,125,1060.16,378.675,175.68,398.65,94.943,-1,-1,-1
291,141,1304.0,322.0,207.45,470.74,44.693,-1,-1,-1
291,142,1516.0,400.0,123.42,280.06,40.826,-1,-1,-1
292,125,1059.16,380.675,175.68,398.65,91.394,-1,-1,-1
292,141,1273.34,354.195,189.32,429.61,93.703,-1,-1,-1
292,143,1192.0,363.0,146.62,332.71,47.373,-1,-1,-1
293,125,1067.16,381.675,175.68,398.65,90.924,-1,-1,-1
293,141,1273.34,354.195,189.32,429.61,92.213,-1,-1,-1
293,143,1191.69,362.645,146.62,332.71,51.463,-1,-1,-1
293,144,1535.0,400.0,123.42,280.06,43.145,-1,-1,-1
294,125,1073.16,381.675,175.68,398.65,85.495,-1,-1,-1
294,141,1269.275,346.63,207.45,470.74,109.17,-1,-1,-1
294,143,1191.69,362.645,146.62,332.71,67.658,-1,-1,-1
294,144,1535.29,399.97,123.42,280.06,61.002,-1,-1,-1
294,145,1643.0,371.0,159.84,362.7,41.161,-1,-1,-1
295,125,1083.08,398.65,159.84,362.7,79.073,-1,-1,-1
295,141,1294.34,361.195,189.32,429.61,97.422,-1,-1,-1
295,143,1191.69,362.645,146.62,332.71,66.243,-1,-1,-1
295,144,1527.69,381.645,146.62,332.71,41.804,-1,-1,-1
295,145,1643.08,370.65,159.84,362.7,45.685,-1,-1,-1
296,125,1078.16,371.675,175.68,398.65,74.471,-1,-1,-1
296,141,1318.34,358.195,189.32,429.61,99.31,-1,-1,-1
296,143,1191.69,362.645,146.62,332.71,86.8,-1,-1,-1
296,144,1548.315,421.365,113.37,257.27,46.966,-1,-1,-1
296,146,1638.0,569.0,52.0,118.0,44.401,-1,-1,-1
296,147,1273.0,383.0,189.32,429.61,43.374,-1,-1,-1
297,125,1094.08,390.65,159.84,362.7,79.553,-1,-1,-1
297,141,1331.34,356.195,189.32,429.61,89.555,-1,-1,-1
297,143,1204.69,362.645,146.62,332.71,68.346,-1,-1,-1
297,144,1539.29,404.97,123.42,280.06,40.34,-1,-1,-1
297,148,1643.0,371.0,159.84,362.7,40.437,-1,-1,-1
298,125,1100.08,391.65,159.84,362.7,60.173,-1,-1,-1
298,141,1338.34,355.195,189.32,429.61,103.01,-1,-1,-1
298,143,1211.69,362.645,146.62,332.71,66.767,-1,-1,-1
298,149,1638.0,569.0,52.0,118.0,43.598,-1,-1,-1
299,125,1104.08,383.65,159.84,362.7,63.279,-1,-1,-1
299,141,1341.34,354.195,189.32,429.61,100.1,-1,-1,-1
299,143,1215.69,362.645,146.62,332.71,76.918,-1,-1,-1
299,150,1695.0,542.0,79.918,181.35,46.784,-1,-1,-1
299,151,1646.0,569.0,52.0,118.0,44.535,-1,-1,-1
299,152,1554.0,400.0,123.42,280.06,42.757,-1,-1,-1
300,125,1106.08,377.65,159.84,362.7,54.478,-1,-1,-1
300,141,1342.34,353.195,189.32,429.61,86.437,-1,-1,-1
300,143,1217.69,362.645,146.62,332.71,66.27,-1,-1,-1
300,152,1560.29,397.355,135.42,307.29,41.769,-1,-1,-1
300,153,1708.0,542.0,79.918,181.35,57.551,-1,-1,-1
301,125,1107.08,382.65,159.84,362.7,60.872,-1,-1,-1
301,141,1342.34,353.195,189.32,429.61,86.727,-1,-1,-1
301,143,1208.16,339.675,175.68,398.65,46.744,-1,-1,-1
301,152,1558.29,403.97,123.42,280.06,42.42,-1,-1,-1
301,153,1708.041,542.325,79.918,181.35,59.161,-1,-1,-1
302,125,1116.08,386.65,159.84,362.7,49.785,-1,-1,-1
302,141,1353.34,353.195,189.32,429.61,82.635,-1,-1,-1
302,143,1230.69,370.645,146.62,332.71,48.6,-1,-1,-1
302,153,1708.041,542.325,79.918,181.35,56.64,-1,-1,-1
303,125,1123.08,389.65,159.84,362.7,52.011,-1,-1,-1
303,141,1360.34,353.195,189.32,429.61,68.301,-1,-1,-1
303,143,1236.69,368.645,146.62,332.71,49.886,-1,-1,-1
303,153,1708.041,542.325,79.918,181.35,55.039,-1,-1,-1
304,125,1127.08,392.65,159.84,362.7,67.7,-1,-1,-1
304,141,1364.34,353.195,189.32,429.61,60.051,-1,-1,-1
304,143,1240.69,366.645,146.62,332.71,56.388,-1,-1,-1
304,153,1708.041,542.325,79.918,181.35,43.017,-1,-1,-1
304,154,1573.0,400.0,123.42,280.06,42.997,-1,-1,-1
305,125,1130.08,394.65,159.84,362.7,85.394,-1,-1,-1
305,141,1376.16,362.675,175.68,398.65,68.811,-1,-1,-1
305,143,1242.69,365.645,146.62,332.71,56.478,-1,-1,-1
305,154,1573.29,399.97,123.42,280.06,49.435,-1,-1,-1
306,125,1131.08,395.65,159.84,362.7,77.276,-1,-1,-1
306,141,1380.34,348.195,189.32,429.61,76.638,-1,-1,-1
306,143,1251.69,364.645,146.62,332.71,68.172,-1,-1,-1
306,154,1573.29,399.97,123.42,280.06,41.193,-1,-1,-1
306,155,1708.0,542.0,79.918,181.35,50.768,-1,-1,-1
307,125,1141.08,396.65,159.84,362.7,74.017,-1,-1,-1
307,141,1388.34,350.195,189.32,429.61,80.583,-1,-1,-1
307,143,1257.69,363.645,146.62,332.71,75.166,-1,-1,-1
307,155,1708.041,542.325,79.918,181.35,48.166,-1,-1,-1
308,125,1148.08,397.65,159.84,362.7,83.879,-1,-1,-1
308,141,1393.34,351.195,189.32,429.61,76.238,-1,-1,-1
308,143,1261.69,363.645,146.62,332.71,70.115,-1,-1,-1
308,155,1708.041,542.325,79.918,181.35,48.048,-1,-1,-1
309,125,1153.08,397.65,159.84,362.7,92.35,-1,-1,-1
309,141,1396.34,352.195,189.32,429.61,75.789,-1,-1,-1
309,143,1263.69,363.645,146.62,332.71,63.857,-1,-1,-1
309,156,1708.0,542.0,79.918,181.35,66.072,-1,-1,-1
310,125,1156.08,397.65,159.84,362.7,91.885,-1,-1,-1
310,141,1397.34,353.195,189.32,429.61,75.956,-1,-1,-1
310,143,1273.69,363.645,146.62,332.71,67.345,-1,-1,-1
310,156,1708.041,542.325,79.918,181.35,67.639,-1,-1,-1
311,125,1166.08,397.65,159.84,362.7,95.099,-1,-1,-1
311,141,1397.34,353.195,189.32,429.61,76.89,-1,-1,-1
311,143,1280.69,363.645,146.62,332.71,69.708,-1,-1,-1
311,156,1708.041,542.325,79.918,181.35,67.704,-1,-1,-1
312,125,1173.08,397.65,159.84,362.7,88.764,-1,-1,-1
312,141,1418.08,390.65,159.84,362.7,83.244,-1,-1,-1
312,143,1284.69,363.645,146.62,332.71,69.479,-1,-1,-1
312,156,1708.041,542.325,79.918,181.35,66.759,-1,-1,-1
313,125,1179.69,402.645,146.62,332.71,87.157,-1,-1,-1
313,141,1422.08,393.65,159.84,362.7,76.768,-1,-1,-1
313,143,1287.69,363.645,146.62,332.71,65.121,-1,-1,-1
313,156,1708.041,542.325,79.918,181.35,68.63,-1,-1,-1
314,125,1187.69,394.645,146.62,332.71,90.289,-1,-1,-1
314,141,1425.08,395.65,159.84,362.7,72.396,-1,-1,-1
314,143,1288.69,363.645,146.62,332.71,65.867,-1,-1,-1
314,156,1708.041,542.325,79.918,181.35,77.597,-1,-1,-1
315,125,1192.69,389.645,146.62,332.71,81.729,-1,-1,-1
315,141,1415.34,360.195,189.32,429.61,72.224,-1,-1,-1
315,143,1288.69,363.645,146.62,332.71,64.75,-1,-1,-1
315,156,1708.041,542.325,79.918,181.35,59.655,-1,-1,-1
316,125,1195.69,385.645,146.62,332.71,70.621,-1,-1,-1
316,141,1426.16,377.675,175.68,398.65,81.556,-1,-1,-1
316,143,1288.69,363.645,146.62,332.71,55.153,-1,-1,-1
316,156,1708.041,542.325,79.918,181.35,60.892,-1,-1,-1
317,125,1197.69,382.645,146.62,332.71,94.647,-1,-1,-1
317,141,1429.16,369.675,175.68,398.65,76.021,-1,-1,-1
317,143,1272.08,356.65,159.84,362.7,48.821,-1,-1,-1
317,157,1708.0,542.0,79.918,181.35,67.502,-1,-1,-1
318,125,1198.69,381.645,146.62,332.71,101.42,-1,-1,-1
318,141,1431.16,373.675,175.68,398.65,78.583,-1,-1,-1
318,157,1708.041,542.325,79.918,181.35,69.595,-1,-1,-1
318,158,1237.0,408.0,146.62,332.71,56.492,-1,-1,-1
319,125,1198.69,380.645,146.62,332.71,97.185,-1,-1,-1
319,141,1444.08,393.65,159.84,362.7,91.777,-1,-1,-1
319,157,1708.041,542.325,79.918,181.35,45.215,-1,-1,-1
319,158,1249.08,371.65,159.84,362.7,59.757,-1,-1,-1
320,125,1197.69,380.645,146.62,332.71,103.6,-1,-1,-1
320,141,1435.16,367.675,175.68,398.65,98.38,-1,-1,-1
320,158,1243.69,400.645,146.62,332.71,63.883,-1,-1,-1
320,159,1370.0,654.0,28.302,64.224,42.955,-1,-1,-1
320,160,1644.0,397.0,135.42,307.29,42.733,-1,-1,-1
321,125,1204.69,380.645,146.62,332.71,99.675,-1,-1,-1
321,141,1446.08,388.65,159.84,362.7,95.357,-1,-1,-1
321,158,1251.69,407.645,146.62,332.71,52.655,-1,-1,-1
321,160,1642.69,384.645,146.62,332.71,40.61,-1,-1,-1
321,161,1169.0,408.0,146.62,332.71,60.152,-1,-1,-1
321,162,1397.0,371.0,159.84,362.7,41.11,-1,-1,-1
322,125,1209.69,381.645,146.62,332.71,96.033,-1,-1,-1
322,141,1448.08,390.65,159.84,362.7,90.363,-1,-1,-1
322,158,1256.69,410.645,146.62,332.71,62.262,-1,-1,-1
322,160,1642.69,384.645,146.62,332.71,46.135,-1,-1,-1
322,161,1168.69,407.645,146.62,332.71,42.596,-1,-1,-1
322,162,1394.69,384.645,146.62,332.71,40.748,-1,-1,-1
323,125,1213.69,382.645,146.62,332.71,93.215,-1,-1,-1
323,141,1449.08,392.65,159.84,362.7,83.572,-1,-1,-1
323,158,1258.69,411.645,146.62,332.71,55.839,-1,-1,-1
323,160,1642.69,384.645,146.62,332.71,44.131,-1,-1,-1
323,161,1168.69,407.645,146.62,332.71,41.708,-1,-1,-1
324,125,1216.08,368.65,159.84,362.7,84.22,-1,-1,-1
324,141,1437.16,367.675,175.68,398.65,91.249,-1,-1,-1
324,161,1167.29,404.355,135.42,307.29,44.087,-1,-1,-1
325,125,1222.69,383.645,146.62,332.71,71.704,-1,-1,-1
325,141,1434.16,361.675,175.68,398.65,85.782,-1,-1,-1
325,161,1150.69,384.645,146.62,332.71,48.656,-1,-1,-1
325,163,1274.0,371.0,159.84,362.7,55.19,-1,-1,-1
325,164,1584.0,438.0,113.37,257.27,53.008,-1,-1,-1
326,125,1230.69,392.645,146.62,332.71,75.757,-1,-1,-1
326,141,1431.16,357.675,175.68,398.65,87.736,-1,-1,-1
326,161,1145.69,381.645,146.62,332.71,50.879,-1,-1,-1
326,163,1281.69,384.645,146.62,332.71,43.559,-1,-1,-1
326,165,1631.0,574.0,47.794,108.46,47.121,-1,-1,-1
326,166,1671.0,542.0,79.918,181.35,44.788,-1,-1,-1
327,125,1235.69,390.645,146.62,332.71,85.426,-1,-1,-1
327,141,1429.16,354.675,175.68,398.65,95.296,-1,-1,-1
327,161,1142.69,380.645,146.62,332.71,54.152,-1,-1,-1
327,163,1297.69,384.645,146.62,332.71,45.644,-1,-1,-1
327,165,1624.103,573.77,47.794,108.46,51.721,-1,-1,-1
327,167,1643.0,385.0,146.62,332.71,55.038,-1,-1,-1
328,125,1238.69,397.645,146.62,332.71,84.922,-1,-1,-1
328,141,1440.08,370.65,159.84,362.7,92.169,-1,-1,-1
328,161,1141.69,380.645,146.62,332.71,52.372,-1,-1,-1
328,163,1289.69,384.645,146.62,332.71,54.69,-1,-1,-1
328,168,1673.0,528.0,87.838,199.32,53.453,-1,-1,-1
328,169,1694.0,399.0,103.17,234.13,41.628,-1,-1,-1
328,170,1584.0,438.0,113.37,257.27,40.49,-1,-1,-1
329,125,1240.69,394.645,146.62,332.71,83.568,-1,-1,-1
329,141,1442.08,368.65,159.84,362.7,91.68,-1,-1,-1
329,161,1143.29,393.355,135.42,307.29,49.321,-1,-1,-1
329,163,1284.69,399.645,146.62,332.71,44.639,-1,-1,-1
329,170,1592.29,418.97,123.42,280.06,46.97,-1,-1,-1
329,171,1643.0,385.0,146.62,332.71,58.168,-1,-1,-1
330,125,1241.69,391.645,146.62,332.71,82.407,-1,-1,-1
330,141,1444.08,367.65,159.84,362.7,91.479,-1,-1,-1
330,161,1140.29,393.355,135.42,307.29,50.688,-1,-1,-1
330,163,1282.69,406.645,146.62,332.71,43.644,-1,-1,-1
330,170,1592.29,418.97,123.42,280.06,50.812,-1,-1,-1
330,171,1642.69,384.645,146.62,332.71,61.659,-1,-1,-1
330,172,1495.0,396.0,159.84,362.7,43.348,-1,-1,-1
331,125,1242.08,374.65,159.84,362.7,86.197,-1,-1,-1
331,161,1139.29,393.355,135.42,307.29,46.391,-1,-1,-1
331,170,1592.29,418.97,123.42,280.06,65.661,-1,-1,-1
331,171,1642.69,384.645,146.62,332.71,55.109,-1,-1,-1
331,173,1463.0,408.0,146.62,332.71,90.485,-1,-1,-1
331,174,1417.0,385.0,146.62,332.71,55.821,-1,-1,-1
332,125,1247.08,373.65,159.84,362.7,88.336,-1,-1,-1
332,161,1138.29,393.355,135.42,307.29,53.567,-1,-1,-1
332,170,1592.29,418.97,123.42,280.06,72.844,-1,-1,-1
332,171,1645.29,411.355,135.42,307.29,60.02,-1,-1,-1
332,173,1462.69,407.645,146.62,332.71,89.061,-1,-1,-1
332,174,1416.69,384.645,146.62,332.71,43.343,-1,-1,-1
332,175,1758.0,521.0,52.0,118.0,49.54,-1,-1,-1
333,125,1251.08,372.65,159.84,362.7,88.931,-1,-1,-1
333,161,1135.69,381.645,146.62,332.71,57.901,-1,-1,-1
333,170,1592.29,418.97,123.42,280.06,65.678,-1,-1,-1
333,171,1644.29,418.355,135.42,307.29,60.138,-1,-1,-1
333,173,1462.69,407.645,146.62,332.71,92.615,-1,-1,-1
333,174,1416.69,384.645,146.62,332.71,45.567,-1,-1,-1
334,125,1253.08,371.65,159.84,362.7,92.793,-1,-1,-1
334,161,1141.29,394.355,135.42,307.29,53.055,-1,-1,-1
334,170,1592.29,418.97,123.42,280.06,67.745,-1,-1,-1
334,171,1638.29,437.97,123.42,280.06,76.954,-1,-1,-1
334,173,1462.69,407.645,146.62,332.71,88.969,-1,-1,-1
334,174,1416.69,384.645,146.62,332.71,47.146,-1,-1,-1
334,176,1327.0,385.0,146.62,332.71,43.14,-1,-1,-1
335,125,1269.69,393.645,146.62,332.71,100.14,-1,-1,-1
335,170,1583.29,401.355,135.42,307.29,79.402,-1,-1,-1
335,171,1625.29,424.355,135.42,307.29,75.073,-1,-1,-1
335,173,1462.69,407.645,146.62,332.71,85.264,-1,-1,-1
335,174,1416.69,384.645,146.62,332.71,40.745,-1,-1,-1
335,176,1326.69,384.645,146.62,332.71,47.638,-1,-1,-1
335,177,1237.0,385.0,146.62,332.71,55.44,-1,-1,-1
335,178,1146.0,385.0,146.62,332.71,54.708,-1,-1,-1
336,125,1277.69,399.645,146.62,332.71,107.38,-1,-1,-1
336,170,1582.29,407.97,123.42,280.06,64.078,-1,-1,-1
336,171,1636.29,440.97,123.42,280.06,54.356,-1,-1,-1
336,173,1462.69,407.645,146.62,332.71,84.213,-1,-1,-1
336,176,1326.69,384.645,146.62,332.71,52.595,-1,-1,-1
336,178,1145.69,384.645,146.62,332.71,58.704,-1,-1,-1
336,179,1611.0,419.0,123.42,280.06,81.617,-1,-1,-1
337,125,1282.69,395.645,146.62,332.71,102.29,-1,-1,-1
337,171,1625.29,425.355,135.42,307.29,72.754,-1,-1,-1
337,173,1450.69,395.645,146.62,332.71,85.091,-1,-1,-1
337,178,1145.29,397.355,135.42,307.29,58.583,-1,-1,-1
337,179,1581.29,397.355,135.42,307.29,67.268,-1,-1,-1
337,180,1485.0,408.0,146.62,332.71,41.882,-1,-1,-1
338,125,1294.69,392.645,146.62,332.71,110.49,-1,-1,-1
338,171,1622.29,424.355,135.42,307.29,67.869,-1,-1,-1
338,173,1443.69,388.645,146.62,332.71,96.725,-1,-1,-1
338,178,1143.29,397.355,135.42,307.29,56.347,-1,-1,-1
338,179,1581.29,397.355,135.42,307.29,57.197,-1,-1,-1
338,180,1484.69,407.645,146.62,332.71,41.914,-1,-1,-1
338,181,1259.0,408.0,146.62,332.71,46.195,-1,-1,-1
339,125,1302.69,389.645,146.62,332.71,127.05,-1,-1,-1
339,171,1620.29,423.355,135.42,307.29,72.291,-1,-1,-1
339,173,1439.69,384.645,146.62,332.71,98.999,-1,-1,-1
339,178,1142.29,397.355,135.42,307.29,60.903,-1,-1,-1
339,179,1581.29,397.355,135.42,307.29,64.443,-1,-1,-1
339,182,1706.0,403.0,113.37,257.27,41.26,-1,-1,-1
340,125,1308.69,387.645,146.62,332.71,124.09,-1,-1,-1
340,171,1623.69,410.645,146.62,332.71,51.062,-1,-1,-1
340,173,1437.69,382.645,146.62,332.71,89.125,-1,-1,-1
340,178,1142.29,397.355,135.42,307.29,63.457,-1,-1,-1
340,179,1589.69,384.645,146.62,332.71,72.532,-1,-1,-1
340,182,1724.315,403.365,113.37,257.27,42.447,-1,-1,-1
341,125,1311.69,385.645,146.62,332.71,125.24,-1,-1,-1
341,171,1633.29,430.97,123.42,280.06,69.919,-1,-1,-1
341,173,1435.08,366.65,159.84,362.7,90.311,-1,-1,-1
341,178,1142.29,397.355,135.42,307.29,61.684,-1,-1,-1
341,179,1598.29,404.97,123.42,280.06,56.711,-1,-1,-1
341,182,1727.415,403.935,103.17,234.13,59.004,-1,-1,-1
342,125,1320.69,384.645,146.62,332.71,120.08,-1,-1,-1
342,171,1633.29,417.355,135.42,307.29,72.905,-1,-1,-1
342,173,1439.69,380.645,146.62,332.71,84.283,-1,-1,-1
342,178,1142.29,397.355,135.42,307.29,53.504,-1,-1,-1
342,179,1604.315,417.365,113.37,257.27,47.353,-1,-1,-1
342,182,1726.415,398.935,103.17,234.13,41.4,-1,-1,-1
342,183,1282.0,408.0,146.62,332.71,47.314,-1,-1,-1
343,125,1327.69,383.645,146.62,332.71,121.72,-1,-1,-1
343,171,1643.29,425.97,123.42,280.06,79.211,-1,-1,-1
343,173,1438.69,380.645,146.62,332.71,81.424,-1,-1,-1
343,178,1139.69,384.645,146.62,332.71,53.282,-1,-1,-1
343,179,1606.29,402.97,123.42,280.06,53.043,-1,-1,-1
343,182,1725.415,396.935,103.17,234.13,48.768,-1,-1,-1
344,125,1336.29,396.355,135.42,307.29,123.7,-1,-1,-1
344,171,1640.29,413.355,135.42,307.29,82.927,-1,-1,-1
344,173,1447.29,401.355,135.42,307.29,82.818,-1,-1,-1
344,178,1142.69,384.645,146.62,332.71,62.43,-1,-1,-1
344,179,1609.315,415.365,113.37,257.27,46.647,-1,-1,-1
344,184,1742.0,415.0,103.17,234.13,41.583,-1,-1,-1
345,125,1338.29,396.355,135.42,307.29,122.83,-1,-1,-1
345,171,1643.29,414.355,135.42,307.29,79.219,-1,-1,-1
345,173,1450.29,407.355,135.42,307.29,80.294,-1,-1,-1
345,178,1144.69,384.645,146.62,332.71,63.566,-1,-1,-1
345,185,1596.0,440.0,94.66,214.81,47.578,-1,-1,-1
346,125,1338.29,396.355,135.42,307.29,124.12,-1,-1,-1
346,171,1652.29,415.355,135.42,307.29,72.448,-1,-1,-1
346,173,1451.69,391.645,146.62,332.71,83.401,-1,-1,-1
346,178,1145.69,384.645,146.62,332.71,60.667,-1,-1,-1
346,185,1599.415,430.935,103.17,234.13,44.287,-1,-1,-1
347,125,1347.29,412.97,123.42,280.06,113.22,-1,-1,-1
347,171,1659.29,416.355,135.42,307.29,68.972,-1,-1,-1
347,173,1456.69,389.645,146.62,332.71,91.018,-1,-1,-1
347,178,1146.69,384.645,146.62,332.71,52.282,-1,-1,-1
347,185,1599.415,430.935,103.17,234.13,53.992,-1,-1,-1
348,125,1339.29,398.355,135.42,307.29,119.33,-1,-1,-1
348,171,1652.69,396.645,146.62,332.71,73.957,-1,-1,-1
348,173,1461.29,408.355,135.42,307.29,96.954,-1,-1,-1
348,178,1138.69,384.645,146.62,332.71,57.062,-1,-1,-1
348,185,1599.415,430.935,103.17,234.13,51.29,-1,-1,-1
348,186,1372.0,418.0,135.42,307.29,51.816,-1,-1,-1
348,187,1774.0,529.0,52.0,118.0,41.209,-1,-1,-1
349,171,1662.29,411.355,135.42,307.29,73.332,-1,-1,-1
349,173,1459.69,392.645,146.62,332.71,98.908,-1,-1,-1
349,178,1132.69,384.645,146.62,332.71,53.591,-1,-1,-1
349,185,1599.415,430.935,103.17,234.13,53.824,-1,-1,-1
349,186,1351.29,418.355,135.42,307.29,124.24,-1,-1,-1
349,188,1706.0,397.0,135.42,307.29,43.326,-1,-1,-1
350,171,1665.29,405.355,135.42,307.29,79.661,-1,-1,-1
350,173,1462.69,390.645,146.62,332.71,106.14,-1,-1,-1
350,178,1128.69,384.645,146.62,332.71,53.724,-1,-1,-1
350,185,1606.081,440.34000000000003,87.838,199.32,45.308,-1,-1,-1
350,186,1351.29,404.355,135.42,307.29,116.98,-1,-1,-1
350,189,1782.0,529.0,52.0,118.0,41.885,-1,-1,-1
351,171,1667.29,401.355,135.42,307.29,77.627,-1,-1,-1
351,173,1464.69,388.645,146.62,332.71,107.27,-1,-1,-1
351,178,1125.69,384.645,146.62,332.71,58.247,-1,-1,-1
351,185,1597.315,414.365,113.37,257.27,41.039,-1,-1,-1
351,186,1351.29,397.355,135.42,307.29,119.08,-1,-1,-1
351,189,1782.0,529.0,52.0,118.0,45.833,-1,-1,-1
352,171,1664.69,385.645,146.62,332.71,106.69,-1,-1,-1
352,173,1465.69,386.645,146.62,332.71,102.38,-1,-1,-1
352,178,1123.69,384.645,146.62,332.71,52.674,-1,-1,-1
352,186,1351.29,394.355,135.42,307.29,102.05,-1,-1,-1
352,190,1626.0,425.0,94.66,214.81,49.771,-1,-1,-1
353,171,1666.69,383.645,146.62,332.71,101.29,-1,-1,-1
353,173,1474.29,398.355,135.42,307.29,103.95,-1,-1,-1
353,178,1121.69,384.645,146.62,332.71,53.749,-1,-1,-1
353,186,1351.29,393.355,135.42,307.29,101.02,-1,-1,-1
353,190,1625.67,424.595,94.66,214.81,49.464,-1,-1,-1
354,171,1668.69,382.645,146.62,332.71,100.31,-1,-1,-1
354,173,1476.29,397.355,135.42,307.29,95.735,-1,-1,-1
354,178,1112.69,384.645,146.62,332.71,55.94,-1,-1,-1
354,186,1351.29,393.355,135.42,307.29,81.315,-1,-1,-1
354,190,1617.415,425.935,103.17,234.13,42.811,-1,-1,-1
355,171,1669.69,382.645,146.62,332.71,93.693,-1,-1,-1
355,173,1478.29,396.355,135.42,307.29,99.51,-1,-1,-1
355,178,1114.69,384.645,146.62,332.71,53.191,-1,-1,-1
355,186,1361.29,393.355,135.42,307.29,96.491,-1,-1,-1
356,171,1677.69,382.645,146.62,332.71,99.027,-1,-1,-1
356,173,1479.29,396.355,135.42,307.29,99.043,-1,-1,-1
356,178,1107.69,384.645,146.62,332.71,53.985,-1,-1,-1
356,186,1367.29,393.355,135.42,307.29,107.58,-1,-1,-1
356,191,1643.0,408.0,146.62,332.71,46.96,-1,-1,-1
357,171,1683.69,382.645,146.62,332.71,99.706,-1,-1,-1
357,173,1478.69,383.645,146.62,332.71,100.96,-1,-1,-1
357,178,1102.69,384.645,146.62,332.71,54.373,-1,-1,-1
357,186,1371.29,394.355,135.42,307.29,117.83,-1,-1,-1
357,191,1642.69,407.645,146.62,332.71,45.695,-1,-1,-1
358,171,1688.69,382.645,146.62,332.71,97.648,-1,-1,-1
358,173,1482.69,383.645,146.62,332.71,98.936,-1,-1,-1
358,178,1096.08,369.65,159.84,362.7,51.825,-1,-1,-1
358,186,1373.29,394.355,135.42,307.29,103.42,-1,-1,-1
358,192,1440.0,408.0,146.62,332.71,48.682,-1,-1,-1
359,171,1691.69,382.645,146.62,332.71,83.833,-1,-1,-1
359,173,1485.69,383.645,146.62,332.71,107.98,-1,-1,-1
359,178,1096.08,370.65,159.84,362.7,51.214,-1,-1,-1
359,186,1374.29,395.355,135.42,307.29,98.238,-1,-1,-1
359,192,1414.29,418.355,135.42,307.29,46.569,-1,-1,-1
359,193,1630.0,431.0,103.17,234.13,45.583,-1,-1,-1
360,171,1703.29,395.355,135.42,307.29,79.857,-1,-1,-1
360,173,1487.69,383.645,146.62,332.71,92.989,-1,-1,-1
360,178,1097.08,370.65,159.84,362.7,54.845,-1,-1,-1
360,186,1383.29,395.355,135.42,307.29,97.852,-1,-1,-1
360,192,1428.29,418.355,135.42,307.29,40.688,-1,-1,-1
360,194,1664.0,418.0,135.42,307.29,52.041,-1,-1,-1
360,195,1748.0,418.0,135.42,307.29,42.406,-1,-1,-1
361,171,1707.29,395.355,135.42,307.29,92.519,-1,-1,-1
361,173,1496.29,396.355,135.42,307.29,88.21,-1,-1,-1
361,178,1101.69,385.645,146.62,332.71,54.42,-1,-1,-1
361,186,1389.29,395.355,135.42,307.29,95.525,-1,-1,-1
361,192,1449.29,418.355,135.42,307.29,50.034,-1,-1,-1
361,194,1664.29,418.355,135.42,307.29,43.8,-1,-1,-1
361,195,1748.29,418.355,135.42,307.29,49.773,-1,-1,-1
362,171,1709.29,396.355,135.42,307.29,92.681,-1,-1,-1
362,173,1498.29,396.355,135.42,307.29,79.42,-1,-1,-1
362,178,1100.69,385.645,146.62,332.71,56.047,-1,-1,-1
362,186,1393.29,396.355,135.42,307.29,93.165,-1,-1,-1
362,195,1748.29,418.355,135.42,307.29,56.485,-1,-1,-1
362,196,1655.0,440.0,94.66,214.81,43.476,-1,-1,-1
362,197,1554.0,400.0,123.42,280.06,42.047,-1,-1,-1
363,171,1708.69,384.645,146.62,332.71,86.686,-1,-1,-1
363,173,1499.29,396.355,135.42,307.29,76.648,-1,-1,-1
363,178,1099.69,385.645,146.62,332.71,55.301,-1,-1,-1
363,186,1396.29,396.355,135.42,307.29,75.929,-1,-1,-1
363,196,1646.415,430.935,103.17,234.13,47.831,-1,-1,-1
364,171,1712.69,384.645,146.62,332.71,84.997,-1,-1,-1
364,173,1500.69,384.645,146.62,332.71,85.442,-1,-1,-1
364,178,1095.08,370.65,159.84,362.7,50.156,-1,-1,-1
364,186,1411.29,412.97,123.42,280.06,77.303,-1,-1,-1
364,196,1646.415,430.935,103.17,234.13,45.485,-1,-1,-1
365,171,1722.69,384.645,146.62,332.71,93.603,-1,-1,-1
365,173,1512.29,397.355,135.42,307.29,85.919,-1,-1,-1
365,178,1097.08,370.65,159.84,362.7,56.07,-1,-1,-1
365,186,1411.29,399.355,135.42,307.29,95.953,-1,-1,-1
365,198,1668.0,371.0,159.84,362.7,44.201,-1,-1,-1
366,171,1730.69,384.645,146.62,332.71,84.043,-1,-1,-1
366,173,1517.29,397.355,135.42,307.29,88.099,-1,-1,-1
366,178,1099.08,370.65,159.84,362.7,52.814,-1,-1,-1
366,186,1415.29,399.355,135.42,307.29,93.519,-1,-1,-1
366,199,1662.0,431.0,103.17,234.13,44.799,-1,-1,-1
366,200,70.0,552.0,67.474,153.11,44.492,-1,-1,-1
366,201,1477.0,418.0,135.42,307.29,43.46,-1,-1,-1
367,171,1735.69,384.645,146.62,332.71,101.79,-1,-1,-1
367,173,1520.29,397.355,135.42,307.29,93.196,-1,-1,-1
367,178,1100.08,370.65,159.84,362.7,45.29,-1,-1,-1
367,186,1425.29,398.355,135.42,307.29,87.744,-1,-1,-1
367,202,1668.0,371.0,159.84,362.7,44.932,-1,-1,-1
368,171,1738.69,384.645,146.62,332.71,84.008,-1,-1,-1
368,173,1529.29,397.355,135.42,307.29,91.007,-1,-1,-1
368,178,1101.08,370.65,159.84,362.7,52.439,-1,-1,-1
368,186,1433.29,398.355,135.42,307.29,103.52,-1,-1,-1
368,203,1497.0,418.0,135.42,307.29,54.317,-1,-1,-1
368,204,1678.0,415.0,103.17,234.13,44.309,-1,-1,-1
369,171,1748.69,384.645,146.62,332.71,80.496,-1,-1,-1
369,173,1536.29,397.355,135.42,307.29,98.524,-1,-1,-1
369,178,1087.16,352.675,175.68,398.65,70.783,-1,-1,-1
369,186,1438.29,398.355,135.42,307.29,110.84,-1,-1,-1
369,203,1497.29,418.355,135.42,307.29,45.951,-1,-1,-1
369,205,186.0,619.0,28.302,64.224,43.487,-1,-1,-1
370,171,1755.69,384.645,146.62,332.71,82.511,-1,-1,-1
370,173,1540.29,397.355,135.42,307.29,109.24,-1,-1,-1
370,178,1082.16,353.675,175.68,398.65,79.485,-1,-1,-1
370,186,1441.29,398.355,135.42,307.29,109.3,-1,-1,-1
370,206,1581.0,376.0,135.42,307.29,45.626,-1,-1,-1
370,207,1678.0,415.0,103.17,234.13,40.684,-1,-1,-1
371,171,1759.69,384.645,146.62,332.71,79.642,-1,-1,-1
371,173,1543.29,397.355,135.42,307.29,97.232,-1,-1,-1
371,178,1078.16,353.675,175.68,398.65,71.483,-1,-1,-1
371,186,1442.29,397.355,135.42,307.29,101.94,-1,-1,-1
371,206,1581.29,376.355,135.42,307.29,50.97,-1,-1,-1
372,171,1761.69,384.645,146.62,332.71,72.129,-1,-1,-1
372,173,1552.29,397.355,135.42,307.29,88.135,-1,-1,-1
372,178,1069.34,344.195,189.32,429.61,66.286,-1,-1,-1
372,186,1448.29,413.97,123.42,280.06,97.619,-1,-1,-1
373,171,1770.69,384.645,146.62,332.71,68.904,-1,-1,-1
373,173,1558.29,397.355,135.42,307.29,98.93,-1,-1,-1
373,178,1068.34,348.195,189.32,429.61,65.98,-1,-1,-1
373,186,1454.29,415.97,123.42,280.06,98.484,-1,-1,-1
374,171,1777.69,384.645,146.62,332.71,62.225,-1,-1,-1
374,173,1562.29,397.355,135.42,307.29,112.15,-1,-1,-1
374,178,1067.34,352.195,189.32,429.61,66.269,-1,-1,-1
374,186,1458.29,417.97,123.42,280.06,111.63,-1,-1,-1
375,171,1782.69,384.645,146.62,332.71,53.723,-1,-1,-1
375,173,1572.29,397.355,135.42,307.29,104.55,-1,-1,-1
375,178,1063.16,373.675,175.68,398.65,63.146,-1,-1,-1
375,186,1461.29,418.97,123.42,280.06,121.33,-1,-1,-1
376,171,1784.69,384.645,146.62,332.71,49.011,-1,-1,-1
376,173,1579.29,397.355,135.42,307.29,106.05,-1,-1,-1
376,178,1055.16,378.675,175.68,398.65,58.44,-1,-1,-1
376,186,1463.29,419.97,123.42,280.06,123.59,-1,-1,-1
377,171,1793.69,384.645,146.62,332.71,46.979,-1,-1,-1
377,173,1584.29,397.355,135.42,307.29,110.36,-1,-1,-1
377,178,1042.34,362.195,189.32,429.61,66.671,-1,-1,-1
377,186,1464.29,419.97,123.42,280.06,108.12,-1,-1,-1
378,173,1587.29,397.355,135.42,307.29,102.5,-1,-1,-1
378,178,1038.34,361.195,189.32,429.61,73.203,-1,-1,-1
378,186,1464.29,419.97,123.42,280.06,100.9,-1,-1,-1
379,173,1596.29,406.97,123.42,280.06,102.86,-1,-1,-1
379,178,1036.34,360.195,189.32,429.61,68.365,-1,-1,-1
379,186,1468.315,427.365,113.37,257.27,102.91,-1,-1,-1
379,208,1706.0,385.0,113.37,257.27,41.339,-1,-1,-1
380,173,1598.29,403.97,123.42,280.06,95.188,-1,-1,-1
380,178,1035.34,358.195,189.32,429.61,63.873,-1,-1,-1
380,186,1473.315,424.365,113.37,257.27,102.63,-1,-1,-1
380,208,1710.415,414.935,103.17,234.13,42.861,-1,-1,-1
381,173,1599.29,408.97,123.42,280.06,101.33,-1,-1,-1
381,178,1020.275,332.63,207.45,470.74,64.615,-1,-1,-1
381,186,1476.315,422.365,113.37,257.27,114.77,-1,-1,-1
381,208,1705.315,391.365,113.37,257.27,40.935,-1,-1,-1
381,209,1630.0,400.0,123.42,280.06,51.056,-1,-1,-1
382,173,1606.29,405.97,123.42,280.06,87.708,-1,-1,-1
382,178,1016.275,328.63,207.45,470.74,68.788,-1,-1,-1
382,186,1479.315,420.365,113.37,257.27,99.133,-1,-1,-1
382,210,1769.0,456.0,79.918,181.35,47.608,-1,-1,-1
382,211,1668.0,400.0,123.42,280.06,42.051,-1,-1,-1
383,173,1610.29,403.97,123.42,280.06,84.249,-1,-1,-1
383,178,1013.275,325.63,207.45,470.74,71.774,-1,-1,-1
383,186,1480.315,419.365,113.37,257.27,94.743,-1,-1,-1
383,210,1768.081,447.34000000000003,87.838,199.32,52.053,-1,-1,-1
383,211,1668.29,399.97,123.42,280.06,40.442,-1,-1,-1
384,173,1613.29,401.97,123.42,280.06,69.682,-1,-1,-1
384,178,1012.275,322.63,207.45,470.74,63.701,-1,-1,-1
384,186,1481.315,419.365,113.37,257.27,98.039,-1,-1,-1
384,210,1768.081,447.34000000000003,87.838,199.32,53.725,-1,-1,-1
385,173,1621.315,415.365,113.37,257.27,70.938,-1,-1,-1
385,178,1015.34,346.195,189.32,429.61,56.716,-1,-1,-1
385,186,1478.29,403.97,123.42,280.06,103.37,-1,-1,-1
385,210,1768.081,447.34000000000003,87.838,199.32,56.903,-1,-1,-1
385,212,1668.0,400.0,123.42,280.06,47.231,-1,-1,-1
386,173,1623.315,416.365,113.37,257.27,76.074,-1,-1,-1
386,178,1019.16,358.675,175.68,398.65,51.761,-1,-1,-1
386,186,1479.29,401.97,123.42,280.06,104.82,-1,-1,-1
386,212,1668.29,399.97,123.42,280.06,43.633,-1,-1,-1
387,173,1624.29,402.97,123.42,280.06,80.669,-1,-1,-1
387,178,994.275,321.63,207.45,470.74,50.108,-1,-1,-1
387,186,1480.29,399.97,123.42,280.06,107.48,-1,-1,-1
388,173,1629.29,401.97,123.42,280.06,93.024,-1,-1,-1
388,178,987.275,320.63,207.45,470.74,59.4,-1,-1,-1
388,186,1490.315,413.365,113.37,257.27,113.45,-1,-1,-1
389,173,1632.29,400.97,123.42,280.06,87.533,-1,-1,-1
389,178,982.275,320.63,207.45,470.74,54.079,-1,-1,-1
389,186,1494.315,415.365,113.37,257.27,108.98,-1,-1,-1
389,213,458.0,354.0,189.32,429.61,43.886,-1,-1,-1
389,214,1668.0,419.0,123.42,280.06,40.828,-1,-1,-1
390,173,1639.315,414.365,113.37,257.27,97.126,-1,-1,-1
390,178,979.275,320.63,207.45,470.74,53.779,-1,-1,-1
390,186,1497.315,416.365,113.37,257.27,110.01,-1,-1,-1
390,214,1687.29,399.97,123.42,280.06,52.636,-1,-1,-1
391,173,1635.29,408.97,123.42,280.06,104.48,-1,-1,-1
391,178,978.275,320.63,207.45,470.74,54.288,-1,-1,-1
391,186,1495.29,402.97,123.42,280.06,109.39,-1,-1,-1
391,214,1674.29,399.97,123.42,280.06,76.57,-1,-1,-1
392,178,978.275,320.63,207.45,470.74,53.162,-1,-1,-1
392,186,1507.315,416.365,113.37,257.27,119.5,-1,-1,-1
392,214,1655.29,399.97,123.42,280.06,100.92,-1,-1,-1
392,215,1611.0,419.0,123.42,280.06,52.419,-1,-1,-1
393,178,978.275,320.63,207.45,470.74,54.972,-1,-1,-1
393,186,1512.315,417.365,113.37,257.27,114.82,-1,-1,-1
393,214,1646.29,399.97,123.42,280.06,107.57,-1,-1,-1
393,215,1611.29,418.97,123.42,280.06,57.266,-1,-1,-1
393,216,1706.0,400.0,123.42,280.06,47.07,-1,-1,-1
393,217,1804.0,468.0,73.864,167.61,45.315,-1,-1,-1
394,178,967.275,320.63,207.45,470.74,59.801,-1,-1,-1
394,186,1515.315,418.365,113.37,257.27,110.98,-1,-1,-1
394,214,1643.29,399.97,123.42,280.06,98.794,-1,-1,-1
394,218,1687.0,381.0,123.42,280.06,45.033,-1,-1,-1
394,219,536.0,322.0,207.45,470.74,40.303,-1,-1,-1
395,178,959.275,320.63,207.45,470.74,73.977,-1,-1,-1
395,186,1528.415,430.935,103.17,234.13,94.313,-1,-1,-1
395,214,1632.29,409.97,123.42,280.06,41.83,-1,-1,-1
395,218,1668.29,399.97,123.42,280.06,92.073,-1,-1,-1
395,220,1823.0,484.0,61.514,139.59,42.123,-1,-1,-1
395,221,684.0,556.0,33.737,76.557,41.712,-1,-1,-1
396,178,953.275,320.63,207.45,470.74,69.912,-1,-1,-1
396,186,1529.315,420.365,113.37,257.27,95.208,-1,-1,-1
396,218,1668.29,399.97,123.42,280.06,91.275,-1,-1,-1
396,222,1166.0,456.0,79.918,181.35,42.664,-1,-1,-1
397,178,936.63,305.735,226.74,514.53,70.988,-1,-1,-1
397,186,1537.415,431.935,103.17,234.13,94.873,-1,-1,-1
397,218,1668.29,399.97,123.42,280.06,87.449,-1,-1,-1
398,178,919.63,310.735,226.74,514.53,75.333,-1,-1,-1
398,186,1539.415,431.935,103.17,234.13,104.26,-1,-1,-1
398,218,1668.29,399.97,123.42,280.06,91.303,-1,-1,-1
398,223,568.0,290.0,207.45,470.74,41.851,-1,-1,-1
399,178,906.63,314.735,226.74,514.53,82.119,-1,-1,-1
399,186,1546.415,431.935,103.17,234.13,120.37,-1,-1,-1
399,218,1668.29,399.97,123.42,280.06,102.43,-1,-1,-1
400,178,897.63,317.735,226.74,514.53,74.062,-1,-1,-1
400,186,1551.415,431.935,103.17,234.13,119.76,-1,-1,-1
400,218,1677.29,399.97,123.42,280.06,90.479,-1,-1,-1
400,224,600.0,322.0,207.45,470.74,54.634,-1,-1,-1
401,178,892.63,319.735,226.74,514.53,68.533,-1,-1,-1
401,186,1554.415,431.935,103.17,234.13,107.53,-1,-1,-1
401,218,1683.29,399.97,123.42,280.06,89.85,-1,-1,-1
401,225,1838.0,538.0,40.123,91.049,41.25,-1,-1,-1
402,178,876.63,320.735,226.74,514.53,50.757,-1,-1,-1
402,186,1556.415,431.935,103.17,234.13,103.06,-1,-1,-1
402,218,1687.29,399.97,123.42,280.06,98.348,-1,-1,-1
403,178,865.63,321.735,226.74,514.53,58.687,-1,-1,-1
403,186,1562.415,431.935,103.17,234.13,98.778,-1,-1,-1
403,218,1689.29,399.97,123.42,280.06,87.634,-1,-1,-1
403,226,1535.0,415.0,103.17,234.13,53.182,-1,-1,-1
404,178,858.63,321.735,226.74,514.53,62.699,-1,-1,-1
404,186,1566.415,431.935,103.17,234.13,104.38,-1,-1,-1
404,218,1690.29,399.97,123.42,280.06,88.918,-1,-1,-1
404,226,1535.415,414.935,103.17,234.13,46.307,-1,-1,-1
404,227,662.0,325.0,189.32,429.61,40.273,-1,-1,-1
405,178,854.63,321.735,226.74,514.53,81.904,-1,-1,-1
405,186,1569.415,431.935,103.17,234.13,105.7,-1,-1,-1
405,218,1698.29,399.97,123.42,280.06,83.003,-1,-1,-1
405,228,1668.0,419.0,123.42,280.06,40.826,-1,-1,-1
406,178,852.63,320.735,226.74,514.53,77.379,-1,-1,-1
406,186,1571.415,431.935,103.17,234.13,103.16,-1,-1,-1
406,218,1703.29,399.97,123.42,280.06,91.38,-1,-1,-1
406,229,696.0,327.0,175.68,398.65,40.295,-1,-1,-1
407,178,839.63,320.735,226.74,514.53,61.75,-1,-1,-1
407,186,1577.415,431.935,103.17,234.13,104.83,-1,-1,-1
407,218,1707.29,399.97,123.42,280.06,83.106,-1,-1,-1
407,230,1759.0,403.0,113.37,257.27,47.273,-1,-1,-1
408,178,825.0,287.345,250.0,567.31,56.117,-1,-1,-1
408,186,1582.415,431.935,103.17,234.13,109.28,-1,-1,-1
408,218,1712.315,414.365,113.37,257.27,75.998,-1,-1,-1
408,230,1741.315,403.365,113.37,257.27,59.61,-1,-1,-1
408,231,1230.0,457.0,52.0,118.0,48.258,-1,-1,-1
408,232,1776.0,385.0,113.37,257.27,47.355,-1,-1,-1
408,233,1678.0,465.0,52.0,118.0,41.228,-1,-1,-1
409,178,824.0,282.345,250.0,567.31,43.874,-1,-1,-1
409,186,1585.415,431.935,103.17,234.13,96.094,-1,-1,-1
409,218,1712.315,417.365,113.37,257.27,76.43,-1,-1,-1
409,230,1741.315,403.365,113.37,257.27,67.027,-1,-1,-1
409,232,1776.315,385.365,113.37,257.27,61.346,-1,-1,-1
409,233,1675.103,470.77,47.794,108.46,44.587,-1,-1,-1
410,186,1592.415,431.935,103.17,234.13,108.58,-1,-1,-1
410,218,1711.315,419.365,113.37,257.27,83.827,-1,-1,-1
410,230,1753.315,403.365,113.37,257.27,67.149,-1,-1,-1
410,234,794.0,318.0,226.74,514.53,53.286,-1,-1,-1
411,186,1597.415,431.935,103.17,234.13,111.88,-1,-1,-1
411,218,1710.315,420.365,113.37,257.27,88.043,-1,-1,-1
411,230,1759.315,403.365,113.37,257.27,70.767,-1,-1,-1
411,234,793.63,317.735,226.74,514.53,61.955,-1,-1,-1
412,186,1601.415,431.935,103.17,234.13,96.869,-1,-1,-1
412,218,1709.315,421.365,113.37,257.27,85.664,-1,-1,-1
412,230,1761.315,403.365,113.37,257.27,63.242,-1,-1,-1
412,234,793.63,317.735,226.74,514.53,67.205,-1,-1,-1
412,235,1630.0,415.0,103.17,234.13,41.338,-1,-1,-1
413,186,1609.415,431.935,103.17,234.13,90.341,-1,-1,-1
413,218,1712.29,406.97,123.42,280.06,78.55,-1,-1,-1
413,234,793.63,317.735,226.74,514.53,70.118,-1,-1,-1
414,186,1614.415,431.935,103.17,234.13,87.06,-1,-1,-1
414,218,1721.315,419.365,113.37,257.27,85.513,-1,-1,-1
414,234,793.63,317.735,226.74,514.53,74.885,-1,-1,-1
414,236,1759.0,403.0,113.37,257.27,54.164,-1,-1,-1
415,186,1618.415,431.935,103.17,234.13,110.98,-1,-1,-1
415,218,1724.315,419.365,113.37,257.27,107.28,-1,-1,-1
415,234,793.63,317.735,226.74,514.53,58.067,-1,-1,-1
415,236,1776.315,403.365,113.37,257.27,57.579,-1,-1,-1
416,186,1620.415,431.935,103.17,234.13,97.874,-1,-1,-1
416,218,1726.315,419.365,113.37,257.27,114.97,-1,-1,-1
416,234,770.0,283.345,250.0,567.31,61.085,-1,-1,-1
416,236,1776.315,403.365,113.37,257.27,69.122,-1,-1,-1
417,186,1626.415,431.935,103.17,234.13,104.08,-1,-1,-1
417,218,1724.29,404.97,123.42,280.06,101.35,-1,-1,-1
417,234,763.0,278.345,250.0,567.31,62.953,-1,-1,-1
417,236,1776.315,403.365,113.37,257.27,66.76,-1,-1,-1
417,237,1599.0,415.0,103.17,234.13,46.138,-1,-1,-1
418,186,1630.415,425.935,103.17,234.13,89.464,-1,-1,-1
418,218,1735.315,417.365,113.37,257.27,110.0,-1,-1,-1
418,234,758.0,275.345,250.0,567.31,68.53,-1,-1,-1
418,236,1776.315,403.365,113.37,257.27,60.168,-1,-1,-1
419,186,1633.415,420.935,103.17,234.13,89.633,-1,-1,-1
419,218,1739.315,418.365,113.37,257.27,107.78,-1,-1,-1
419,234,755.0,273.345,250.0,567.31,66.276,-1,-1,-1
419,236,1776.315,403.365,113.37,257.27,69.699,-1,-1,-1
420,186,1634.415,416.935,103.17,234.13,101.32,-1,-1,-1
420,218,1742.315,419.365,113.37,257.27,89.055,-1,-1,-1
420,234,740.585,249.70999999999998,270.83,614.58,70.626,-1,-1,-1
420,236,1776.315,403.365,113.37,257.27,77.045,-1,-1,-1
421,186,1640.415,414.935,103.17,234.13,101.74,-1,-1,-1
421,218,1753.415,430.935,103.17,234.13,83.894,-1,-1,-1
421,234,738.585,249.70999999999998,270.83,614.58,58.991,-1,-1,-1
421,236,1784.415,414.935,103.17,234.13,49.555,-1,-1,-1
422,186,1645.415,412.935,103.17,234.13,109.83,-1,-1,-1
422,218,1754.315,419.365,113.37,257.27,92.704,-1,-1,-1
422,236,1786.315,403.365,113.37,257.27,48.547,-1,-1,-1
422,238,682.0,313.0,250.0,567.31,57.849,-1,-1,-1
422,239,1678.0,431.0,103.17,234.13,43.467,-1,-1,-1
423,186,1648.415,411.935,103.17,234.13,107.84,-1,-1,-1
423,218,1759.315,419.365,113.37,257.27,86.593,-1,-1,-1
423,236,1790.315,403.365,113.37,257.27,49.685,-1,-1,-1
423,238,682.0,313.345,250.0,567.31,54.393,-1,-1,-1
424,186,1655.415,417.935,103.17,234.13,113.51,-1,-1,-1
424,218,1762.315,419.365,113.37,257.27,85.445,-1,-1,-1
424,236,1793.315,403.365,113.37,257.27,50.811,-1,-1,-1
424,238,682.0,313.345,250.0,567.31,51.122,-1,-1,-1
424,240,1630.0,415.0,103.17,234.13,50.5,-1,-1,-1
425,186,1660.415,422.935,103.17,234.13,110.95,-1,-1,-1
425,218,1763.315,419.365,113.37,257.27,91.633,-1,-1,-1
425,236,1795.315,403.365,113.37,257.27,46.796,-1,-1,-1
425,238,661.585,293.71,270.83,614.58,50.97,-1,-1,-1
425,241,905.0,347.0,159.84,362.7,41.85,-1,-1,-1
426,186,1664.415,426.935,103.17,234.13,106.37,-1,-1,-1
426,218,1770.315,413.365,113.37,257.27,86.024,-1,-1,-1
426,238,631.585,295.71,270.83,614.58,42.499,-1,-1,-1
426,241,919.69,362.645,146.62,332.71,58.793,-1,-1,-1
427,186,1666.415,423.935,103.17,234.13,99.38,-1,-1,-1
427,218,1775.315,409.365,113.37,257.27,88.692,-1,-1,-1
427,238,616.585,296.71,270.83,614.58,46.636,-1,-1,-1
427,241,919.69,362.645,146.62,332.71,47.46,-1,-1,-1
428,186,1667.415,420.935,103.17,234.13,114.56,-1,-1,-1
428,218,1780.415,423.935,103.17,234.13,101.67,-1,-1,-1
428,238,608.585,297.71,270.83,614.58,49.809,-1,-1,-1
428,241,935.69,362.645,146.62,332.71,47.597,-1,-1,-1
428,242,1811.0,403.0,113.37,257.27,45.06,-1,-1,-1
429,186,1673.415,418.935,103.17,234.13,104.38,-1,-1,-1
429,218,1780.415,425.935,103.17,234.13,112.74,-1,-1,-1
429,238,585.585,297.71,270.83,614.58,56.58,-1,-1,-1
429,242,1811.315,403.365,113.37,257.27,44.798,-1,-1,-1
429,243,1646.0,431.0,103.17,234.13,53.791,-1,-1,-1
430,186,1672.315,405.365,113.37,257.27,95.659,-1,-1,-1
430,218,1779.415,427.935,103.17,234.13,101.17,-1,-1,-1
430,238,571.585,297.71,270.83,614.58,56.429,-1,-1,-1
430,242,1811.315,403.365,113.37,257.27,47.893,-1,-1,-1
431,186,1674.315,404.365,113.37,257.27,88.436,-1,-1,-1
431,218,1784.415,428.935,103.17,234.13,90.246,-1,-1,-1
431,238,563.585,297.71,270.83,614.58,58.164,-1,-1,-1
431,244,1757.0,415.0,103.17,234.13,41.892,-1,-1,-1
432,186,1675.315,403.365,113.37,257.27,91.736,-1,-1,-1
432,218,1779.315,418.365,113.37,257.27,96.78,-1,-1,-1
432,245,1811.0,403.0,113.37,257.27,55.365,-1,-1,-1
432,246,632.0,449.0,207.45,470.74,52.01,-1,-1,-1
433,186,1681.415,413.935,103.17,234.13,83.767,-1,-1,-1
433,218,1779.315,419.365,113.37,257.27,81.217,-1,-1,-1
433,245,1811.315,403.365,113.37,257.27,55.03,-1,-1,-1
434,186,1687.415,419.935,103.17,234.13,88.042,-1,-1,-1
434,218,1781.415,425.935,103.17,234.13,85.707,-1,-1,-1
434,245,1811.315,403.365,113.37,257.27,57.191,-1,-1,-1
434,247,532.0,296.0,270.83,614.58,40.214,-1,-1,-1
435,186,1692.415,423.935,103.17,234.13,97.749,-1,-1,-1
435,245,1790.29,396.97,123.42,280.06,75.193,-1,-1,-1
435,247,531.585,254.70999999999998,270.83,614.58,44.707,-1,-1,-1
435,248,1726.0,415.0,103.17,234.13,45.89,-1,-1,-1
436,186,1695.415,426.935,103.17,234.13,84.519,-1,-1,-1
436,245,1790.415,417.935,103.17,234.13,69.177,-1,-1,-1
436,248,1726.415,414.935,103.17,234.13,55.699,-1,-1,-1
436,249,1828.0,403.0,113.37,257.27,42.304,-1,-1,-1
437,186,1702.415,423.935,103.17,234.13,86.406,-1,-1,-1
437,245,1766.315,404.365,113.37,257.27,59.825,-1,-1,-1
437,249,1811.315,403.365,113.37,257.27,64.437,-1,-1,-1
437,250,490.0,296.0,270.83,614.58,50.412,-1,-1,-1
438,186,1708.415,420.935,103.17,234.13,94.496,-1,-1,-1
438,245,1756.315,403.365,113.37,257.27,53.331,-1,-1,-1
438,249,1802.29,396.97,123.42,280.06,82.286,-1,-1,-1
438,250,489.58500000000004,295.71,270.83,614.58,43.698,-1,-1,-1
438,251,1033.0,363.0,146.62,332.71,46.217,-1,-1,-1
439,186,1712.415,418.935,103.17,234.13,89.042,-1,-1,-1
439,245,1751.315,403.365,113.37,257.27,42.571,-1,-1,-1
439,249,1801.29,399.97,123.42,280.06,69.353,-1,-1,-1
439,251,1052.08,370.65,159.84,362.7,46.001,-1,-1,-1
440,186,1720.415,416.935,103.17,234.13,97.919,-1,-1,-1
440,249,1812.29,400.97,123.42,280.06,53.929,-1,-1,-1
440,251,1056.69,385.645,146.62,332.71,62.169,-1,-1,-1
440,252,1776.0,403.0,113.37,257.27,62.962,-1,-1,-1
440,253,1678.0,415.0,103.17,234.13,45.301,-1,-1,-1
441,186,1725.415,415.935,103.17,234.13,107.46,-1,-1,-1
441,249,1807.29,400.97,123.42,280.06,54.85,-1,-1,-1
441,251,1071.69,385.645,146.62,332.71,51.771,-1,-1,-1
441,253,1683.67,424.595,94.66,214.81,41.104,-1,-1,-1
441,254,1757.0,431.0,103.17,234.13,62.975,-1,-1,-1
442,186,1729.415,414.935,103.17,234.13,100.23,-1,-1,-1
442,251,1078.69,384.645,146.62,332.71,66.507,-1,-1,-1
442,254,1770.67,425.595,94.66,214.81,60.885,-1,-1,-1
443,186,1739.67,424.595,94.66,214.81,96.721,-1,-1,-1
443,251,1094.69,372.645,146.62,332.71,56.97,-1,-1,-1
443,254,1770.67,435.595,94.66,214.81,66.524,-1,-1,-1
443,255,1713.0,440.0,94.66,214.81,46.275,-1,-1,-1
444,186,1741.415,414.935,103.17,234.13,105.79,-1,-1,-1
444,254,1770.415,430.935,103.17,234.13,43.65,-1,-1,-1
444,256,1820.0,381.0,123.42,280.06,45.226,-1,-1,-1
445,186,1745.415,414.935,103.17,234.13,99.857,-1,-1,-1
445,254,1772.415,432.935,103.17,234.13,51.172,-1,-1,-1
445,256,1810.29,376.355,135.42,307.29,55.617,-1,-1,-1
445,257,1101.0,363.0,146.62,332.71,57.395,-1,-1,-1
446,186,1747.415,414.935,103.17,234.13,83.605,-1,-1,-1
446,256,1806.29,383.97,123.42,280.06,69.121,-1,-1,-1
446,257,1122.29,376.355,135.42,307.29,58.638,-1,-1,-1
447,186,1753.415,419.935,103.17,234.13,65.987,-1,-1,-1
447,256,1801.29,393.97,123.42,280.06,70.375,-1,-1,-1
447,257,1121.69,363.645,146.62,332.71,50.55,-1,-1,-1
447,258,1706.0,403.0,113.37,257.27,40.171,-1,-1,-1
448,186,1757.415,423.935,103.17,234.13,73.003,-1,-1,-1
448,256,1796.315,405.365,113.37,257.27,58.48,-1,-1,-1
448,257,1124.29,376.355,135.42,307.29,40.02,-1,-1,-1
449,186,1751.315,410.365,113.37,257.27,62.353,-1,-1,-1
449,256,1783.29,397.97,123.42,280.06,53.34,-1,-1,-1
450,186,1756.315,408.365,113.37,257.27,71.133,-1,-1,-1
450,259,1146.0,385.0,146.62,332.71,50.855,-1,-1,-1
451,186,1764.29,397.97,123.42,280.06,58.085,-1,-1,-1
451,259,1164.29,376.355,135.42,307.29,48.774,-1,-1,-1
451,260,1744.0,381.0,123.42,280.06,42.332,-1,-1,-1
452,259,1164.29,376.355,135.42,307.29,55.718,-1,-1,-1
452,260,1759.315,403.365,113.37,257.27,62.763,-1,-1,-1
452,261,1820.0,381.0,123.42,280.06,47.343,-1,-1,-1
453,259,1177.29,376.355,135.42,307.29,52.062,-1,-1,-1
453,260,1747.315,403.365,113.37,257.27,62.828,-1,-1,-1
453,261,1801.29,380.97,123.42,280.06,50.542,-1,-1,-1
454,259,1184.29,376.355,135.42,307.29,60.104,-1,-1,-1
454,260,1741.315,403.365,113.37,257.27,67.365,-1,-1,-1
454,261,1801.29,380.97,123.42,280.06,60.051,-1,-1,-1
455,259,1187.29,376.355,135.42,307.29,50.709,-1,-1,-1
455,260,1727.29,396.97,123.42,280.06,64.485,-1,-1,-1
456,259,1199.29,376.355,135.42,307.29,42.605,-1,-1,-1
456,260,1734.315,406.365,113.37,257.27,69.475,-1,-1,-1
457,259,1205.29,376.355,135.42,307.29,49.593,-1,-1,-1
457,260,1725.29,397.97,123.42,280.06,57.293,-1,-1,-1
457,262,1763.0,381.0,123.42,280.06,62.579,-1,-1,-1
458,259,1209.29,376.355,135.42,307.29,44.544,-1,-1,-1
458,260,1714.29,399.97,123.42,280.06,44.13,-1,-1,-1
458,262,1759.315,403.365,113.37,257.27,66.306,-1,-1,-1
459,260,1707.29,400.97,123.42,280.06,59.15,-1,-1,-1
459,262,1760.29,384.97,123.42,280.06,46.993,-1,-1,-1
459,263,131.0,527.0,226.74,514.53,48.998,-1,-1,-1
460,260,1699.315,409.365,113.37,257.27,69.208,-1,-1,-1
460,262,1762.315,399.365,113.37,257.27,80.345,-1,-1,-1
460,263,96.63,526.735,226.74,514.53,46.465,-1,-1,-1
460,264,1430.0,447.0,87.838,199.32,49.627,-1,-1,-1
461,260,1686.29,398.97,123.42,280.06,58.488,-1,-1,-1
461,262,1771.315,401.365,113.37,257.27,59.986,-1,-1,-1
462,260,1685.315,408.365,113.37,257.27,40.34,-1,-1,-1
462,262,1775.315,402.365,113.37,257.27,50.861,-1,-1,-1
463,265,1805.0,415.0,103.17,234.13,69.653,-1,-1,-1
463,266,1757.0,522.0,61.514,139.59,56.802,-1,-1,-1
464,265,1805.415,414.935,103.17,234.13,77.428,-1,-1,-1
464,267,1738.0,532.0,61.514,139.59,51.01,-1,-1,-1
465,265,1805.415,414.935,103.17,234.13,70.727,-1,-1,-1
465,268,1671.0,403.0,113.37,257.27,52.012,-1,-1,-1
466,265,1813.67,424.595,94.66,214.81,67.022,-1,-1,-1
466,269,1706.0,400.0,123.42,280.06,41.126,-1,-1,-1
467,265,1821.081,433.34000000000003,87.838,199.32,69.1,-1,-1,-1
467,270,1636.0,403.0,113.37,257.27,49.744,-1,-1,-1
468,265,1823.081,434.34000000000003,87.838,199.32,76.791,-1,-1,-1
468,270,1636.315,403.365,113.37,257.27,56.266,-1,-1,-1
468,271,1288.0,381.0,123.42,280.06,48.696,-1,-1,-1
468,272,271.0,318.0,226.74,514.53,41.543,-1,-1,-1
469,265,1824.081,434.34000000000003,87.838,199.32,85.312,-1,-1,-1
469,270,1624.315,403.365,113.37,257.27,56.406,-1,-1,-1
469,273,1759.0,403.0,113.37,257.27,46.874,-1,-1,-1
470,265,1824.081,434.34000000000003,87.838,199.32,98.138,-1,-1,-1
470,270,1619.315,403.365,113.37,257.27,61.806,-1,-1,-1
470,274,271.0,318.0,226.74,514.53,42.11,-1,-1,-1
471,265,1824.081,434.34000000000003,87.838,199.32,83.953,-1,-1,-1
471,270,1617.315,403.365,113.37,257.27,65.429,-1,-1,-1
472,265,1824.081,434.34000000000003,87.838,199.32,78.104,-1,-1,-1
472,270,1616.315,403.365,113.37,257.27,64.654,-1,-1,-1
472,275,1671.0,403.0,113.37,257.27,51.739,-1,-1,-1
472,276,305.0,318.0,226.74,514.53,43.297,-1,-1,-1
473,265,1824.081,434.34000000000003,87.838,199.32,71.653,-1,-1,-1
473,270,1607.315,403.365,113.37,257.27,58.781,-1,-1,-1
473,275,1668.29,399.97,123.42,280.06,57.346,-1,-1,-1
473,276,304.63,317.735,226.74,514.53,50.209,-1,-1,-1
473,277,1773.0,415.0,103.17,234.13,48.064,-1,-1,-1
473,278,1474.0,456.0,79.918,181.35,45.003,-1,-1,-1
474,275,1668.29,399.97,123.42,280.06,49.217,-1,-1,-1
474,277,1773.415,398.935,103.17,234.13,52.349,-1,-1,-1
474,278,1485.068,456.195,73.864,167.61,41.653,-1,-1,-1
474,279,1836.0,434.0,87.838,199.32,70.572,-1,-1,-1
474,280,1584.0,420.0,113.37,257.27,49.011,-1,-1,-1
474,281,1322.0,385.0,113.37,257.27,41.233,-1,-1,-1
475,277,1773.67,409.595,94.66,214.81,57.746,-1,-1,-1
475,279,1836.081,434.34000000000003,87.838,199.32,80.274,-1,-1,-1
475,280,1584.315,403.365,113.37,257.27,51.879,-1,-1,-1
475,281,1340.315,385.365,113.37,257.27,65.161,-1,-1,-1
475,282,1636.0,403.0,113.37,257.27,48.289,-1,-1,-1
475,283,340.0,318.0,226.74,514.53,42.368,-1,-1,-1
476,277,1771.415,399.935,103.17,234.13,60.057,-1,-1,-1
476,279,1836.081,434.34000000000003,87.838,199.32,91.866,-1,-1,-1
476,281,1340.315,385.365,113.37,257.27,67.051,-1,-1,-1
476,282,1636.315,403.365,113.37,257.27,42.957,-1,-1,-1
476,283,339.63,317.735,226.74,514.53,40.649,-1,-1,-1
477,277,1772.415,398.935,103.17,234.13,68.375,-1,-1,-1
477,279,1836.081,434.34000000000003,87.838,199.32,83.677,-1,-1,-1
477,281,1345.415,397.935,103.17,234.13,45.658,-1,-1,-1
477,282,1624.315,403.365,113.37,257.27,47.034,-1,-1,-1
477,283,339.63,317.735,226.74,514.53,41.696,-1,-1,-1
478,277,1772.415,398.935,103.17,234.13,60.724,-1,-1,-1
478,279,1836.081,434.34000000000003,87.838,199.32,85.24,-1,-1,-1
478,281,1355.415,398.935,103.17,234.13,46.3,-1,-1,-1
478,282,1619.315,403.365,113.37,257.27,70.484,-1,-1,-1
478,284,1567.0,420.0,113.37,257.27,50.402,-1,-1,-1
479,277,1772.415,398.935,103.17,234.13,65.233,-1,-1,-1
479,279,1836.081,434.34000000000003,87.838,199.32,84.72,-1,-1,-1
479,281,1355.315,396.365,113.37,257.27,45.663,-1,-1,-1
479,282,1606.315,403.365,113.37,257.27,79.517,-1,-1,-1
480,277,1781.67,409.595,94.66,214.81,60.782,-1,-1,-1
480,279,1836.081,434.34000000000003,87.838,199.32,85.275,-1,-1,-1
480,281,1371.415,404.935,103.17,234.13,40.507,-1,-1,-1
480,282,1600.315,403.365,113.37,257.27,55.601,-1,-1,-1
481,277,1784.67,409.595,94.66,214.81,62.471,-1,-1,-1
481,279,1836.081,434.34000000000003,87.838,199.32,90.084,-1,-1,-1
481,282,1597.315,403.365,113.37,257.27,55.552,-1,-1,-1
482,277,1785.415,399.935,103.17,234.13,58.028,-1,-1,-1
482,279,1836.081,434.34000000000003,87.838,199.32,84.793,-1,-1,-1
482,285,1392.0,399.0,103.17,234.13,42.529,-1,-1,-1
483,277,1794.67,409.595,94.66,214.81,56.984,-1,-1,-1
483,279,1836.081,434.34000000000003,87.838,199.32,85.071,-1,-1,-1
483,286,445.0,318.0,226.74,514.53,40.514,-1,-1,-1
483,287,1583.0,415.0,103.17,234.13,40.257,-1,-1,-1
484,277,1793.67,409.595,94.66,214.81,57.603,-1,-1,-1
484,279,1836.081,434.34000000000003,87.838,199.32,73.534,-1,-1,-1
485,277,1797.67,409.595,94.66,214.81,45.776,-1,-1,-1
485,279,1836.081,434.34000000000003,87.838,199.32,76.045,-1,-1,-1
485,288,1567.0,415.0,103.17,234.13,49.307,-1,-1,-1
485,289,1535.0,431.0,103.17,234.13,43.631,-1,-1,-1
485,290,445.0,318.0,226.74,514.53,41.634,-1,-1,-1
486,277,1793.415,399.935,103.17,234.13,40.779,-1,-1,-1
486,279,1836.081,434.34000000000003,87.838,199.32,72.424,-1,-1,-1
486,288,1549.315,403.365,113.37,257.27,48.695,-1,-1,-1
486,290,444.63,317.735,226.74,514.53,45.583,-1,-1,-1
486,291,1488.0,431.0,103.17,234.13,61.402,-1,-1,-1
487,279,1836.081,434.34000000000003,87.838,199.32,78.998,-1,-1,-1
487,288,1549.315,403.365,113.37,257.27,57.119,-1,-1,-1
487,290,444.63,317.735,226.74,514.53,55.214,-1,-1,-1
487,291,1503.415,430.935,103.17,234.13,59.198,-1,-1,-1
488,279,1841.041,443.325,79.918,181.35,75.33,-1,-1,-1
488,288,1549.315,403.365,113.37,257.27,44.894,-1,-1,-1
488,290,466.275,327.63,207.45,470.74,49.615,-1,-1,-1
489,279,1842.041,443.325,79.918,181.35,64.927,-1,-1,-1
489,290,472.275,341.63,207.45,470.74,44.181,-1,-1,-1
490,279,1843.041,443.325,79.918,181.35,60.677,-1,-1,-1
490,290,474.63,319.735,226.74,514.53,42.135,-1,-1,-1
491,290,498.275,332.63,207.45,470.74,42.408,-1,-1,-1
491,292,1440.0,400.0,123.42,280.06,43.377,-1,-1,-1
491,293,1535.0,431.0,103.17,234.13,42.828,-1,-1,-1
492,290,506.275,326.63,207.45,470.74,42.49,-1,-1,-1
492,293,1535.415,430.935,103.17,234.13,42.026,-1,-1,-1
492,294,1849.0,434.0,87.838,199.32,46.596,-1,-1,-1
493,290,510.275,336.63,207.45,470.74,52.947,-1,-1,-1
494,290,512.275,343.63,207.45,470.74,47.026,-1,-1,-1
494,295,1860.0,445.0,73.864,167.61,42.548,-1,-1,-1
495,290,513.275,348.63,207.45,470.74,41.736,-1,-1,-1
496,296,1800.0,396.0,94.66,214.81,42.587,-1,-1,-1
496,297,1860.0,445.0,73.864,167.61,40.794,-1,-1,-1
497,296,1809.081,407.34000000000003,87.838,199.32,42.732,-1,-1,-1
498,298,1268.0,447.0,87.838,199.32,42.692,-1,-1,-1
499,298,1277.041,456.325,79.918,181.35,40.867,-1,-1,-1
499,299,1478.0,400.0,123.42,280.06,42.923,-1,-1,-1
500,298,1285.041,456.325,79.918,181.35,41.965,-1,-1,-1
500,299,1477.29,376.355,135.42,307.29,60.648,-1,-1,-1
500,300,568.0,353.0,207.45,470.74,43.966,-1,-1,-1
501,299,1480.29,396.97,123.42,280.06,45.526,-1,-1,-1
502,299,1478.29,399.97,123.42,280.06,41.392,-1,-1,-1
502,301,1582.0,440.0,94.66,214.81,43.119,-1,-1,-1
502,302,568.0,353.0,207.45,470.74,41.551,-1,-1,-1
503,302,568.275,322.63,207.45,470.74,54.565,-1,-1,-1
504,302,589.275,321.63,207.45,470.74,49.107,-1,-1,-1
505,302,600.275,321.63,207.45,470.74,53.844,-1,-1,-1
506,302,604.275,321.63,207.45,470.74,58.604,-1,-1,-1
506,303,1806.0,521.0,36.723,83.333,42.511,-1,-1,-1
506,304,1592.0,447.0,87.838,199.32,41.039,-1,-1,-1
506,305,1497.0,400.0,123.42,280.06,40.815,-1,-1,-1
507,302,605.275,321.63,207.45,470.74,57.314,-1,-1,-1
508,302,605.275,321.63,207.45,470.74,65.221,-1,-1,-1
508,306,1514.0,403.0,113.37,257.27,43.031,-1,-1,-1
509,302,592.63,308.735,226.74,514.53,53.921,-1,-1,-1
509,307,1349.0,440.0,94.66,214.81,54.316,-1,-1,-1
509,308,449.0,254.0,270.83,614.58,41.599,-1,-1,-1
514,309,1377.0,431.0,103.17,234.13,48.037,-1,-1,-1
514,310,1549.0,403.0,113.37,257.27,45.84,-1,-1,-1
514,311,532.0,254.0,270.83,614.58,41.208,-1,-1,-1
514,312,1619.0,434.0,87.838,199.32,40.871,-1,-1,-1
515,310,1549.315,403.365,113.37,257.27,40.117,-1,-1,-1
516,313,566.0,275.0,250.0,567.31,43.429,-1,-1,-1
517,314,1583.0,431.0,103.17,234.13,48.737,-1,-1,-1
518,314,1583.415,430.935,103.17,234.13,44.929,-1,-1,-1
518,315,1361.0,431.0,103.17,234.13,51.403,-1,-1,-1
519,314,1583.415,430.935,103.17,234.13,40.872,-1,-1,-1
519,315,1361.415,430.935,103.17,234.13,54.909,-1,-1,-1
519,316,643.0,275.0,250.0,567.31,45.528,-1,-1,-1
520,316,643.0,275.345,250.0,567.31,44.584,-1,-1,-1
521,316,648.585,253.70999999999998,270.83,614.58,46.252,-1,-1,-1
521,317,1634.0,595.0,30.903,70.127,46.245,-1,-1,-1
522,316,677.0,276.345,250.0,567.31,46.458,-1,-1,-1
522,317,1633.1315,592.7215,33.737,76.557,43.717,-1,-1,-1
522,318,1640.0,425.0,94.66,214.81,40.374,-1,-1,-1
523,316,685.0,275.345,250.0,567.31,46.011,-1,-1,-1
523,319,1602.0,403.0,113.37,257.27,43.709,-1,-1,-1
524,316,696.63,290.735,226.74,514.53,47.842,-1,-1,-1
525,316,714.63,284.735,226.74,514.53,52.497,-1,-1,-1
525,320,1602.0,403.0,113.37,257.27,46.469,-1,-1,-1
525,321,1281.0,447.0,87.838,199.32,40.393,-1,-1,-1
